0
0
0
1
4
7
15
19
27
31
36
38
39
38
38
38
38
41
44
51
58
62
68
73
74
73
73
74
75
79
81
87
94
97
102
104
107
107
107
105
99
96
87
83
75
71
70
70
71
72
71
69
63
59
50
43
40
36
35
35
35
36
36
33
29
25
19
15
9
6
3
2
1
0
0
0
0
1
5
12
16
25
33
36
39
40
40
39
38
38
40
45
48
56
60
68
70
74
75
74
74
74
74
77
82
85
92
96
102
104
107
108
108
103
100
92
88
79
76
71
70
70
72
73
73
72
67
64
56
52
44
40
36
35
35
36
36
36
35
30
27
20
16
9
7
3
1
1
1
1
0
0
0
0
0
0
2
3
8
12
20
29
32
38
39
40
39
39
39
40
43
45
52
56
64
67
72
74
74
74
74
75
76
80
83
89
96
99
104
105
108
109
110
110
112
115
117
122
125
131
134
139
141
144
145
146
147
148
151
153
158
161
166
169
174
177
178
180
182
184
187
189
194
197
203
205
208
209
207
203
200
195
193
191
192
195
197
203
205
208
208
206
200
196
194
193
193
196
198
202
206
206
206
205
201
199
196
194
194
195
198
200
204
207
207
206
205
201
198
194
193
193
196
198
202
204
206
207
205
204
200
197
195
195
195
197
199
202
202
201
199
193
183
179
170
167
163
163
164
164
167
167
165
160
156
147
143
135
132
128
128
128
130
130
128
123
119
111
107
100
97
94
94
94
95
93
91
86
82
75
71
65
63
61
60
60
59
59
56
54
48
45
38
36
31
29
26
25
25
24
23
19
15
12
6
3
0
0
0
1
5
8
15
19
27
34
37
39
40
39
39
39
39
42
48
51
59
63
69
71
74
74
75
74
75
77
79
85
88
95
104
108
110
110
111
111
114
116
121
127
131
137
139
143
144
145
145
146
147
150
154
157
163
166
172
174
177
178
180
181
182
184
186
190
194
203
207
208
205
203
197
194
192
191
193
197
200
205
207
209
208
205
202
198
195
193
193
194
198
201
204
206
206
205
203
199
197
195
194
196
201
205
206
207
204
203
198
196
194
193
194
198
200
204
205
206
207
204
199
196
195
195
196
198
201
202
201
200
193
189
180
171
167
163
162
163
165
166
167
166
161
158
149
144
135
130
128
128
130
127
124
116
112
104
100
95
94
94
94
95
95
94
90
87
79
75
68
66
62
61
60
60
60
58
57
52
49
42
39
33
29
27
26
25
24
24
22
20
15
7
2
0
0
0
0
2
4
10
14
23
31
34
38
40
40
40
39
40
44
47
54
58
66
71
73
75
75
75
75
76
77
81
84
90
97
100
105
107
109
110
111
111
113
116
118
123
126
133
136
141
143
145
146
146
147
148
151
154
159
162
168
171
175
178
179
182
183
184
188
190
196
199
204
207
209
208
206
201
198
193
191
191
192
197
200
205
208
209
205
200
198
194
192
193
196
198
202
204
207
207
205
204
200
196
195
194
194
197
199
203
206
207
206
205
201
198
195
194
193
195
201
203
206
206
206
203
201
197
196
194
195
196
200
201
202
202
198
194
185
180
172
168
164
163
163
165
166
167
166
161
157
148
139
136
130
129
128
129
130
130
130
127
124
116
112
97
95
94
95
96
96
95
90
86
79
75
68
63
62
61
61
61
61
59
58
52
49
42
35
32
28
27
26
26
25
24
23
19
10
7
1
0
0
0
0
1
4
7
14
23
27
35
37
40
40
40
39
40
42
47
51
59
63
70
72
75
75
75
75
75
77
79
84
87
94
98
103
108
109
110
111
112
112
114
118
120
127
130
136
139
143
145
146
146
147
149
150
154
156
162
168
171
176
177
180
183
183
185
187
190
195
199
206
209
207
198
193
191
191
192
196
199
204
208
209
207
206
201
199
194
193
193
194
197
199
204
206
207
205
204
200
198
195
194
194
197
199
203
205
207
207
205
202
199
194
194
197
201
203
206
207
206
205
201
200
196
195
194
196
197
201
202
202
200
194
190
180
175
167
163
162
163
164
166
167
166
158
144
135
132
128
127
127
128
130
130
129
124
121
112
108
100
97
93
93
94
95
95
94
92
87
83
75
68
65
61
60
60
60
60
59
57
49
42
39
32
30
27
25
25
25
24
22
20
16
13
6
4
0
-1
