45.94346891
25.60000125
-1.43360007
-18.4320009
-11.26400055
16.17920079
43.28106878
47.85493567
22.25493442
-15.36000075
-25.60000125
-7.09973368
31.06133485
49.49333575
42.59840208
58.36800285
44.10026882
7.85066705
-28.74026807
-28.12586804
1.63840008
41.30133535
57.20746946
42.05226872
0.75093337
-26.6240013
-22.32320109
7.85066705
38.29760187
47.92320234
38.9120019
7.57760037
-19.31946761
-23.68853449
3.61813351
34.133335
51.06346916
36.52266845
7.85066705
-20.41173433
-19.38773428
4.02773353
36.8640018
46.69440228
32.01706823
1.3653334
-16.72533415
-13.31200065
12.42453394
35.63520174
47.65013566
22.32320109
-9.21600045
-24.43946786
0.40960002
34.54293502
47.85493567
27.10186799
-0.95573338
-16.72533415
-5.73440028
15.22346741
39.5946686
41.50613536
20.34346766
-6.75840033
-18.22720089
43.62240213
45.46560222
18.02240088
-13.44853399
-27.17013466
-6.34880031
33.65546831
50.85866915
39.38986859
14.54080071
-12.76586729
-19.1146676
-10.44480051
22.25493442
47.30880231
53.2480026
23.00586779
-15.76960077
-36.8640018
-16.52053414
27.85280136
61.50826967
53.86240263
15.97440078
-23.96160117
-32.29013491
-6.07573363
31.19786819
54.68160267
48.19626902
18.77333425
-20.61653434
-34.47466835
-9.96693382
34.74773503
59.18720289
45.7386689
6.21226697
-21.57226772
-21.29920104
5.05173358
31.12960152
47.1040023
37.5466685
13.58506733
-14.88213406
-18.36373423
0.27306668
28.80853474
43.48586879
38.29760187
6.28053364
-14.67733405
-15.97440078
10.9226672
34.26986834
42.53013541
21.98186774
0.61440003
-10.17173383
-0.61440003
14.3360007
29.83253479
28.87680141
21.77706773
4.91520024
-6.07573363
-4.50560022
12.83413396
32.56320159
36.72746846
18.29546756
-3.20853349
-10.10346716
0.34133335
18.84160092
31.06133485
29.42293477
19.52426762
1.43360007
-9.96693382
-10.03520049
20.41173433
43.07626877
42.3253354
10.37653384
-13.92640068
-18.15893422
7.16800035
30.99306818
42.80320209
25.53173458
3.68640018
-10.2400005
-6.00746696
10.99093387
28.80853474
35.15733505
24.43946786
5.80266695
-9.5573338
-6.28053364
12.9706673
36.1813351
33.51893497
16.86186749
-0.81920004
-0.61440003
101.44427162
-8.26026707
-7.37280036
6.75840033
29.14986809
39.38986859
33.58720164
6.48533365
-14.06293402
-17.88586754
10.9226672
33.4506683
43.82720214
28.74026807
7.16800035
-13.99466735
-17.61280086
1.57013341
39.11680191
56.6613361
37.27360182
-4.0960002
-28.33066805
-17.88586754
15.97440078
46.83093562
49.69813576
22.59626777
-10.71786719
-21.43573438
-1.84320009
23.2106678
38.84373523
36.38613511
19.45600095
-1.57013341
-10.58133385
-4.7786669
17.61280086
35.15733505
32.01706823
14.67733405
0.6826667
8.60160042
21.09440103
35.84000175
30.31040148
10.37653384
-12.76586729
-14.47253404
9.89866715
37.75146851
43.21280211
25.73653459
-7.5093337
-18.50026757
-5.66613361
25.66826792
40.48213531
35.08906838
8.73813376
-6.21226697
-11.46880056
8.05546706
25.2586679
40.41386864
26.35093462
6.34880031
-14.3360007
-6.89493367
13.17546731
38.63893522
35.36213506
20.13866765
-1.70666675
-9.35253379
-2.7306668
17.40800085
31.47093487
35.56693507
22.05013441
1.02400005
-15.97440078
-5.39306693
19.45600095
40.2773353
37.13706848
16.04266745
-7.5093337
-14.06293402
2.0480001
22.80106778
31.4026682
32.15360157
21.02613436
1.22880006
-10.2400005
-9.62560047
10.44480051
33.65546831
47.30880231
57.13920279
46.08000225
21.77706773
-9.76213381
-20.88960102
-6.00746696
21.8453344
45.0560022
41.36960202
16.52053414
-11.74186724
-17.54453419
0.75093337
31.4026682
42.05226872
26.76053464
1.22880006
-6.826667
2.32106678
16.3840008
18.90986759
20.27520099
19.66080096
15.76960077
10.17173383
2.0480001
6.34880031
17.27146751
22.45973443
18.50026757
10.58133385
6.1440003
11.33226722
10.99093387
8.53333375
11.81013391
15.15520074
17.81760087
14.3360007
11.05920054
9.69386714
13.10720064
15.63306743
10.85440053
11.05920054
17.40800085
17.95413421
15.0186674
6.62186699
6.48533365
21.02613436
18.4320009
11.94666725
1.84320009
1.84320009
7.85066705
22.25493442
29.49120144
24.02986784
8.60160042
-3.4133335
0.40960002
13.92640068
23.27893447
23.55200115
15.76960077
13.24373398
14.06293402
5.73440028
1.3653334
2.7306668
19.7973343
30.24213481
27.23840133
13.31200065
-6.826667
2.11626677
16.04266745
31.4026682
35.08906838
23.34720114
2.79893347
-14.95040073
-6.96320034
15.42826742
37.95626852
40.89173533
19.25120094
-5.18826692
-14.54080071
0.27306668
21.8453344
30.51520149
31.4026682
18.02240088
7.30453369
-1.29706673
-3.00373348
9.89866715
26.41920129
29.08160142
19.66080096
4.98346691
1.70666675
4.7786669
13.44853399
15.7013341
13.92640068
15.0186674
12.15146726
8.73813376
6.826667
11.6053339
13.653334
20.07040098
14.3360007
16.45226747
11.87840058
13.72160067
2.52586679
2.38933345
11.74186724
29.69600145
-7.78240038
-2.86720014
15.22346741
29.62773478
34.88426837
23.82506783
5.73440028
-10.30826717
-11.12746721
5.05173358
31.53920154
47.58186899
36.65920179
3.48160017
-21.91360107
-16.65706748
8.66986709
34.47466835
43.0080021
33.31413496
10.17173383
-11.33226722
-18.22720089
0.06826667
26.41920129
44.64640218
36.93226847
13.10720064
-11.53706723
-17.27146751
1.16053339
27.306668
37.41013516
30.7200015
13.58506733
0.40960002
-5.4613336
-1.77493342
16.24746746
35.08906838
34.8160017
16.79360082
-3.4133335
-5.59786694
9.35253379
21.02613436
26.35093462
17.54453419
11.19573388
4.02773353
8.46506708
14.13120069
15.36000075
13.31200065
10.58133385
13.10720064
17.0666675
12.56106728
15.0186674
11.05920054
7.16800035
10.30826717
20.27520099
18.97813426
14.13120069
7.98720039
10.64960052
9.48906713
13.72160067
15.63306743
14.47253404
18.50026757
17.13493417
13.24373398
25.12213456
33.31413496
18.97813426
0.54613336
-3.68640018
6.48533365
15.15520074
21.29920104
25.73653459
24.43946786
9.89866715
-4.0960002
-2.79893347
10.99093387
24.91733455
27.64800135
22.25493442
12.9706673
1.77493342
-0.81920004
5.25653359
17.47626752
25.2586679
22.45973443
19.86560097
9.42080046
-0.13653334
-5.59786694
10.10346716
26.41920129
33.72373498
19.1146676
4.84693357
-3.68640018
2.66240013
10.71786719
23.27893447
28.33066805
21.70880106
6.21226697
-3.27680016
2.86720014
14.06293402
22.59626777
26.41920129
20.54826767
4.02773353
-5.25653359
2.7306668
23.55200115
29.90080146
21.36746771
6.07573363
1.16053339
5.80266695
9.69386714
18.22720089
7.98720039
-8.94293377
-0.34133335
16.52053414
29.69600145
29.3546681
18.50026757
1.16053339
-6.48533365
2.25280011
22.66453444
32.0853349
22.39146776
9.96693382
5.32480026
4.91520024
1.63840008
20.00213431
2.38933345
-5.32480026
2.93546681
14.95040073
24.50773453
26.96533465
23.96160117
7.03146701
-5.52960027
-3.27680016
31.47093487
24.30293452
6.55360032
-11.12746721
-8.73813376
14.95040073
36.1813351
38.16106853
15.29173408
-3.48160017
-8.39680041
3.4133335
16.58880081
30.24213481
31.81226822
22.5280011
0.34133335
-8.26026707
-1.97973343
15.29173408
31.47093487
33.51893497
18.77333425
0.34133335
-9.07946711
1.09226672
18.4320009
32.49493492
29.55946811
18.70506758
6.1440003
-5.93920029
-5.25653359
8.53333375
35.56693507
40.55040198
22.32320109
-5.39306693
-16.45226747
-3.75466685
20.13866765
41.98400205
37.06880181
18.02240088
-6.1440003
20.95786769
39.93600195
41.77920204
20.27520099
-7.91893372
-22.39146776
-7.23626702
26.00960127
48.74240238
39.79946861
12.69760062
-13.17546731
-12.15146726
5.05173358
26.21440128
33.65546831
-4.50560022
3.4133335
19.25120094
26.48746796
26.76053464
12.49280061
4.23253354
0.88746671
13.653334
15.97440078
19.59253429
15.22346741
16.3840008
8.53333375
10.2400005
6.1440003
13.85813401
16.58880081
22.25493442
11.33226722
6.1440003
2.52586679
18.02240088
28.33066805
24.50773453
6.1440003
-3.00373348
2.18453344
21.02613436
28.19413471
25.19040123
9.76213381
0.40960002
-1.3653334
7.78240038
20.20693432
29.28640143
28.33066805
12.08320059
-2.66240013
-7.71413371
6.55360032
23.48373448
36.24960177
25.80480126
7.64586704
-9.14773378
-5.59786694
8.73813376
25.66826792
32.97280161
29.3546681
13.44853399
-3.48160017
-14.60906738
1.77493342
27.78453469
2.86720014
-14.95040073
-5.66613361
13.72160067
18.97813426
6.34880031
2.66240013
5.80266695
9.76213381
15.90613411
21.57226772
19.38773428
15.63306743
5.93920029
5.18826692
20.75306768
12.2880006
10.37653384
6.96320034
10.37653384
13.51680066
22.18666775
20.00213431
11.74186724
1.22880006
2.18453344
13.10720064
30.10560147
28.12586804
7.03146701
-9.62560047
-4.7786669
17.33973418
34.95253504
32.83626827
13.653334
-2.25280011
-2.32106678
6.96320034
16.11093412
26.14613461
26.6240013
19.38773428
1.77493342
-6.89493367
2.11626677
20.20693432
31.88053489
28.33066805
12.42453394
1.70666675
9.83040048
15.49653409
23.55200115
19.86560097
14.06293402
-0.6826667
-3.48160017
26.28266795
33.38240163
22.39146776
-9.48906713
-9.89866715
8.66986709
42.12053539
32.7680016
29.08160142
-22.80106778
-5.73440028
-6.07573363
39.86773528
1.29706673
-15.56480076
-22.05013441
13.85813401
33.86026832
51.95093587
23.68853449
4.50560022
-12.90240063
-10.85440053
1.70666675
30.65173483
43.28106878
44.3733355
6.07573363
-11.12746721
-23.96160117
53.45280261
28.39893472
-18.22720089
-43.6906688
-25.80480126
37.47840183
73.45493692
59.93813626
3.34506683
-36.1813351
-32.49493492
5.25653359
42.3253354
53.45280261
30.10560147
8.94293377
-12.21973393
-15.49653409
-1.22880006
27.306668
45.7386689
33.38240163
5.87093362
-9.89866715
-5.59786694
17.47626752
21.70880106
20.95786769
13.31200065
13.58506733
10.37653384
6.41706698
9.42080046
15.76960077
17.7493342
11.46880056
6.96320034
10.2400005
23.68853449
21.57226772
18.36373423
-1.70666675
4.98346691
21.77706773
0.20480001
-2.11626677
5.52960027
19.66080096
19.45600095
18.09066755
13.58506733
15.7013341
14.88213406
12.69760062
1.16053339
1.50186674
11.94666725
27.85280136
30.24213481
17.7493342
2.25280011
-9.69386714
-1.77493342
14.60906738
33.17760162
39.38986859
29.28640143
-3.4133335
-24.37120119
-12.69760062
25.19040123
49.56160242
42.39360207
11.40053389
-13.51680066
-15.63306743
4.50560022
25.87306793
33.38240163
30.65173483
13.51680066
3.75466685
-4.64213356
1.57013341
10.78613386
25.87306793
26.21440128
23.75680116
10.03520049
3.14026682
-1.22880006
6.28053364
15.56480076
24.23466785
27.85280136
22.18666775
6.34880031
-3.82293352
-5.32480026
13.31200065
30.7200015
32.69973493
17.7493342
-2.45760012
-6.55360032
9.14773378
21.70880106
23.00586779
15.63306743
11.81013391
10.78613386
9.35253379
12.62933395
14.81386739
16.79360082
11.94666725
11.12746721
11.12746721
14.95040073
19.7973343
21.09440103
8.46506708
-1.57013341
3.4133335
18.84160092
31.19786819
23.00586779
7.16800035
-1.97973343
3.82293352
14.60906738
20.68480101
20.88960102
22.11840108
12.90240063
2.52586679
-2.93546681
7.78240038
21.23093437
30.24213481
23.62026782
9.89866715
-0.61440003
-1.91146676
8.39680041
24.91733455
30.31040148
21.70880106
8.32853374
2.45760012
3.95946686
7.23626702
15.63306743
22.86933445
29.62773478
21.43573438
3.48160017
-5.87093362
-1.22880006
16.58880081
32.22186824
32.69973493
18.97813426
0.88746671
-7.23626702
-2.32106678
12.56106728
30.31040148
38.16106853
24.5760012
-0.34133335
-15.7013341
-3.75466685
22.93760112
37.95626852
28.6720014
7.71413371
-0.88746671
5.59786694
11.94666725
11.67360057
15.7013341
20.68480101
24.02986784
14.06293402
4.43733355
0.40960002
7.71413371
17.47626752
26.76053464
23.55200115
16.99840083
6.00746696
-0.20480001
0.54613336
10.9226672
23.8933345
29.49120144
25.2586679
6.48533365
-6.96320034
-4.30080021
13.653334
28.60373473
33.4506683
19.52426762
0.47786669
-4.91520024
7.91893372
19.31946761
20.480001
14.26773403
14.88213406
14.60906738
9.07946711
4.57386689
7.5093337
20.54826767
20.480001
12.69760062
3.68640018
12.62933395
23.75680116
23.00586779
6.00746696
-2.11626677
1.70666675
21.02613436
29.55946811
26.69226797
10.30826717
-0.47786669
-0.13653334
10.03520049
17.13493417
24.43946786
25.32693457
23.27893447
5.32480026
-5.73440028
-3.34506683
15.22346741
31.26613486
29.62773478
18.15893422
2.25280011
-0.47786669
3.4133335
9.96693382
20.82133435
28.12586804
23.55200115
11.94666725
1.09226672
8.46506708
20.27520099
27.306668
19.25120094
8.1920004
1.70666675
8.66986709
16.65706748
17.88586754
13.10720064
10.9226672
10.99093387
17.27146751
15.97440078
12.01493392
8.66986709
12.9706673
12.35626727
12.21973393
11.40053389
21.1626677
20.34346766
15.08693407
-0.88746671
-0.88746671
9.5573338
29.08160142
29.55946811
16.72533415
1.43360007
-1.63840008
4.7786669
15.49653409
21.64053439
27.23840133
22.80106778
13.51680066
-5.39306693
-7.30453369
7.71413371
30.78826817
37.34186849
24.91733455
4.7786669
-6.55360032
-1.43360007
7.30453369
21.57226772
27.57973468
35.36213506
20.41173433
-3.82293352
-19.45600095
-7.09973368
21.23093437
45.26080221
42.18880206
15.08693407
-9.35253379
-15.22346741
-2.25280011
21.43573438
37.68320184
38.09280186
17.54453419
-2.0480001
-11.74186724
-3.4133335
16.45226747
32.90453494
38.09280186
19.93386764
-1.22880006
-12.15146726
1.57013341
22.5280011
32.90453494
26.21440128
10.78613386
1.77493342
2.7306668
9.28426712
17.33973418
24.37120119
21.77706773
10.64960052
-1.3653334
-0.61440003
17.27146751
32.01706823
29.42293477
9.21600045
-8.1920004
-3.00373348
16.58880081
32.15360157
28.19413471
16.93013416
1.16053339
-2.66240013
36.38613511
24.78080121
-3.54986684
20.61653434
36.24960177
34.20160167
16.04266745
-1.43360007
-10.10346716
-0.54613336
14.81386739
33.04106828
36.79573513
23.07413446
-2.52586679
-11.94666725
-4.71040023
19.25120094
39.86773528
39.25333525
13.99466735
-9.76213381
-11.19573388
6.21226697
24.02986784
31.47093487
24.30293452
13.92640068
3.34506683
-1.91146676
0.34133335
15.0186674
30.17386814
32.90453494
18.15893422
0.61440003
-8.46506708
2.7306668
23.34720114
29.69600145
21.23093437
6.28053364
2.18453344
9.83040048
12.56106728
16.86186749
14.19946736
20.20693432
12.9706673
7.30453369
6.00746696
19.18293427
23.68853449
16.31573413
3.54986684
3.14026682
12.21973393
20.75306768
22.80106778
16.24746746
7.23626702
5.4613336
6.69013366
15.56480076
15.90613411
18.22720089
18.84160092
18.70506758
9.89866715
-1.50186674
1.91146676
16.04266745
32.49493492
27.37493467
10.99093387
-3.07200015
-2.25280011
9.5573338
23.34720114
28.87680141
22.73280111
8.39680041
-1.84320009
0.40960002
15.08693407
20.61653434
26.00960127
17.81760087
9.01120044
-4.36906688
4.16426687
20.68480101
32.83626827
20.41173433
4.36906688
1.02400005
9.76213381
19.31946761
16.65706748
17.33973418
14.67733405
13.92640068
6.07573363
5.32480026
11.67360057
20.54826767
23.00586779
17.0666675
5.05173358
1.97973343
7.57760037
20.95786769
24.78080121
16.72533415
6.41706698
6.41706698
7.44106703
11.81013391
15.56480076
20.41173433
24.43946786
15.36000075
1.70666675
-6.07573363
8.94293377
23.14240113
32.35840158
25.05386789
10.2400005
-7.57760037
-9.83040048
8.1920004
35.90826842
37.27360182
26.14613461
0.20480001
-11.19573388
-9.89866715
11.46880056
35.56693507
47.1040023
29.01333475
-7.16800035
-25.39520124
-6.96320034
26.76053464
42.46186874
33.31413496
13.85813401
-4.64213356
-10.17173383
0.61440003
18.77333425
33.24586829
32.63146826
17.20320084
-2.38933345
-8.73813376
0.34133335
20.20693432
32.97280161
30.85653484
13.31200065
-3.82293352
-3.61813351
4.23253354
18.22720089
27.78453469
32.97280161
20.00213431
-2.0480001
-13.58506733
101.10293827
-15.76960077
1.50186674
32.01706823
46.76266895
29.28640143
-1.77493342
-13.99466735
-7.98720039
13.653334
35.43040173
43.34933545
24.30293452
-10.10346716
-21.29920104
-3.00373348
32.01706823
50.03946911
35.15733505
-1.77493342
-21.09440103
-10.9226672
20.82133435
40.2773353
40.960002
14.40426737
-7.44106703
-13.92640068
1.22880006
17.7493342
35.43040173
35.90826842
22.18666775
-5.52960027
-14.81386739
-4.84693357
19.52426762
34.8160017
35.36213506
21.70880106
2.18453344
-13.51680066
-10.85440053
11.05920054
37.13706848
46.76266895
28.19413471
-1.91146676
-24.78080121
-16.52053414
16.45226747
47.99146901
47.51360232
19.52426762
-14.06293402
-19.72906763
-4.0960002
28.87680141
42.73493542
37.13706848
13.10720064
-8.05546706
-16.65706748
-0.88746671
32.97280161
11.81013391
-10.17173383
15.76960077
23.34720114
17.88586754
14.40426737
2.86720014
1.70666675
9.28426712
29.08160142
32.15360157
13.51680066
-7.5093337
-6.34880031
16.86186749
29.96906813
32.63146826
13.10720064
2.66240013
30.51520149
27.71626802
20.07040098
1.29706673
-3.34506683
-4.98346691
18.09066755
32.63146826
36.65920179
11.05920054
-4.23253354
-9.14773378
9.69386714
23.8933345
29.76426812
23.2106678
11.53706723
-1.02400005
-5.87093362
5.73440028
26.82880131
35.43040173
16.79360082
1.57013341
3.82293352
8.94293377
12.42453394
16.99840083
22.86933445
20.95786769
7.03146701
4.16426687
4.57386689
10.44480051
13.78986734
21.36746771
27.17013466
18.50026757
3.61813351
-6.1440003
0.54613336
22.39146776
37.13706848
29.01333475
6.07573363
-12.49280061
-7.16800035
19.25120094
34.47466835
30.7200015
8.39680041
-3.95946686
0.61440003
16.17920079
25.46346791
27.23840133
13.92640068
14.40426737
31.4026682
30.37866815
9.07946711
-5.66613361
-2.66240013
15.63306743
26.89706798
28.53546806
14.47253404
6.826667
0.88746671
6.62186699
14.54080071
21.02613436
22.25493442
18.63680091
13.58506733
18.15893422
18.50026757
15.49653409
16.17920079
7.98720039
6.55360032
7.23626702
17.20320084
23.34720114
15.7013341
9.07946711
12.49280061
11.26400055
16.93013416
21.02613436
13.17546731
4.98346691
8.1920004
16.31573413
18.09066755
17.20320084
9.35253379
10.17173383
8.12373373
13.92640068
17.7493342
21.50400105
16.65706748
7.03146701
0.81920004
4.84693357
20.75306768
31.53920154
24.71253454
7.78240038
-7.57760037
-5.73440028
16.58880081
33.04106828
33.38240163
14.13120069
1.02400005
-5.80266695
-1.09226672
15.63306743
35.15733505
36.04480176
14.67733405
-8.73813376
-8.8746671
10.30826717
25.60000125
28.53546806
19.59253429
13.44853399
6.28053364
3.82293352
7.23626702
13.85813401
17.0666675
18.36373423
18.97813426
20.480001
9.96693382
2.52586679
0.47786669
10.44480051
20.75306768
29.01333475
24.02986784
11.74186724
-3.27680016
-1.3653334
6.34880031
23.00586779
29.62773478
21.8453344
11.94666725
1.3653334
-1.22880006
5.59786694
21.29920104
27.10186799
20.480001
9.07946711
6.21226697
8.8746671
13.44853399
9.96693382
13.72160067
18.90986759
21.50400105
9.42080046
4.91520024
6.21226697
16.04266745
19.1146676
15.08693407
11.67360057
7.85066705
14.13120069
12.9706673
16.31573413
14.67733405
11.33226722
9.21600045
12.01493392
16.52053414
17.47626752
15.49653409
11.81013391
7.85066705
7.5093337
8.46506708
17.88586754
22.80106778
23.2106678
10.17173383
3.00373348
0.54613336
6.75840033
17.13493417
26.14613461
30.31040148
15.90613411
-1.97973343
-12.90240063
0.06826667
20.480001
42.59840208
38.77546856
21.91360107
-14.40426737
-24.50773453
-7.91893372
31.81226822
50.31253579
46.62613561
9.96693382
-16.17920079
-28.26240138
-2.52586679
25.05386789
54.20373598
46.21653559
17.88586754
-16.3840008
-26.96533465
-5.32480026
27.44320134
46.28480226
38.57066855
14.13120069
-5.66613361
-11.19573388
-5.93920029
14.19946736
31.33440153
37.68320184
25.9413346
4.02773353
-9.96693382
-5.59786694
11.6053339
30.0373348
30.44693482
20.13866765
4.16426687
0.61440003
3.75466685
13.44853399
20.61653434
19.59253429
19.86560097
12.01493392
9.14773378
8.39680041
10.03520049
13.653334
18.22720089
18.56853424
13.58506733
6.69013366
6.96320034
12.2880006
17.61280086
20.41173433
12.15146726
8.12373373
6.96320034
12.35626727
17.81760087
20.54826767
18.22720089
7.71413371
-0.20480001
4.84693357
15.22346741
28.87680141
27.10186799
15.15520074
-5.66613361
-6.00746696
9.62560047
29.55946811
32.0853349
21.43573438
7.09973368
-0.47786669
-0.27306668
8.66986709
18.09066755
28.33066805
25.73653459
11.74186724
0.61440003
-0.40960002
7.71413371
12.9706673
22.18666775
26.35093462
28.05760137
12.62933395
-2.38933345
-10.37653384
4.43733355
21.57226772
36.72746846
31.81226822
17.40800085
-6.41706698
-14.40426737
-1.91146676
25.2586679
38.50240188
35.4986684
15.63306743
-3.00373348
-10.03520049
-3.34506683
16.58880081
30.10560147
34.95253504
19.59253429
6.07573363
-7.09973368
-2.52586679
9.21600045
26.82880131
31.26613486
25.73653459
7.57760037
1.02400005
11.05920054
17.88586754
24.02986784
23.48373448
13.653334
0.54613336
1.70666675
11.26400055
21.36746771
18.84160092
14.06293402
11.12746721
11.81013391
10.03520049
9.69386714
16.45226747
20.07040098
11.12746721
6.00746696
8.73813376
15.97440078
19.72906763
17.88586754
14.06293402
6.07573363
2.66240013
9.83040048
19.72906763
27.17013466
22.59626777
7.57760037
-1.29706673
0.13653334
9.5573338
24.23466785
34.20160167
11.81013391
11.53706723
6.41706698
5.4613336
7.03146701
16.31573413
24.71253454
28.74026807
16.65706748
4.50560022
-8.60160042
0.6826667
16.58880081
35.90826842
31.81226822
14.47253404
-5.05173358
-8.94293377
6.96320034
24.02986784
33.65546831
26.28266795
10.10346716
-6.69013366
-6.89493367
10.30826717
33.86026832
31.88053489
16.45226747
-3.07200015
-4.98346691
4.7786669
23.68853449
30.65173483
28.12586804
9.42080046
-4.16426687
-6.69013366
11.6053339
28.80853474
33.38240163
22.39146776
3.75466685
-8.66986709
-7.37280036
15.22346741
35.84000175
36.24960177
13.10720064
-4.50560022
-9.89866715
5.80266695
23.2106678
35.29386839
28.94506808
13.85813401
-6.00746696
-9.28426712
5.4613336
26.69226797
35.77173508
30.92480151
8.39680041
-10.44480051
-13.44853399
6.07573363
33.24586829
43.89546881
30.24213481
2.11626677
-16.04266745
-14.06293402
8.8746671
36.11306843
49.01546906
30.7200015
-2.79893347
-26.00960127
-16.93013416
17.68106753
49.1520024
48.81066905
21.98186774
-14.81386739
30.92480151
45.12426887
37.00053514
6.55360032
-12.08320059
-15.49653409
5.12000025
30.31040148
43.41760212
31.06133485
6.62186699
33.10933495
38.36586854
23.68853449
4.98346691
-10.85440053
-4.98346691
7.98720039
25.2586679
36.59093512
33.58720164
13.03893397
-9.01120044
-19.86560097
1.84320009
30.78826817
47.85493567
31.67573488
6.69013366
-12.62933395
-17.20320084
1.50186674
32.69973493
48.40106903
35.43040173
4.64213356
-18.29546756
-14.81386739
7.64586704
35.43040173
43.6906688
30.92480151
1.63840008
-18.22720089
-7.91893372
20.88960102
37.81973518
30.44693482
13.10720064
-0.40960002
-0.54613336
6.62186699
18.15893422
25.87306793
27.37493467
12.15146726
2.79893347
-0.34133335
12.01493392
19.66080096
27.10186799
17.13493417
8.12373373
1.16053339
10.10346716
15.56480076
19.66080096
16.52053414
69.15413671
26.55573463
16.79360082
6.55360032
0.75093337
7.64586704
16.11093412
20.95786769
20.34346766
15.08693407
5.73440028
2.25280011
6.48533365
15.97440078
-1.84320009
-3.4133335
5.87093362
26.35093462
33.04106828
24.37120119
1.63840008
-3.20853349
2.32106678
18.56853424
23.75680116
22.32320109
13.72160067
4.64213356
5.87093362
12.42453394
14.19946736
15.36000075
13.03893397
14.19946736
10.71786719
14.54080071
15.29173408
17.95413421
10.58133385
5.05173358
5.32480026
21.98186774
27.9893347
20.13866765
5.80266695
2.18453344
5.66613361
14.3360007
18.97813426
22.45973443
16.72533415
13.10720064
4.91520024
7.85066705
3.14026682
13.92640068
21.77706773
31.26613486
19.1146676
5.4613336
-6.48533365
4.50560022
16.52053414
24.43946786
23.41546781
22.05013441
10.51306718
-0.06826667
-5.25653359
7.57760037
25.12213456
35.22560172
25.80480126
8.8746671
-6.55360032
-4.36906688
12.35626727
28.39893472
32.56320159
17.27146751
3.75466685
-2.32106678
5.73440028
10.78613386
23.34720114
26.14613461
21.23093437
2.86720014
-0.61440003
7.03146701
22.05013441
24.5760012
15.49653409
5.73440028
4.50560022
10.44480051
18.36373423
22.39146776
16.17920079
4.36906688
1.57013341
12.9706673
20.68480101
22.80106778
16.04266745
14.95040073
7.37280036
2.66240013
5.73440028
17.88586754
27.306668
23.8933345
12.83413396
4.23253354
2.18453344
2.52586679
13.03893397
24.09813451
30.85653484
19.04640093
8.05546706
-4.64213356
-3.75466685
5.25653359
25.73653459
38.70720189
34.88426837
3.00373348
-16.17920079
-11.12746721
18.22720089
33.79200165
36.65920179
24.09813451
6.41706698
-11.12746721
-8.26026707
9.62560047
32.0853349
35.43040173
21.64053439
4.16426687
-6.89493367
-4.64213356
10.51306718
30.31040148
34.33813501
19.31946761
1.02400005
-2.38933345
5.73440028
15.08693407
20.75306768
28.80853474
18.63680091
8.73813376
-7.78240038
5.18826692
19.59253429
31.33440153
18.77333425
9.83040048
-1.29706673
3.27680016
11.12746721
30.65173483
28.87680141
12.21973393
-4.16426687
-2.7306668
10.9226672
25.05386789
28.26240138
25.32693457
7.16800035
-6.41706698
-9.83040048
12.2880006
34.67946836
38.02453519
20.75306768
-2.45760012
-10.10346716
-2.59413346
11.67360057
32.56320159
39.45813526
27.71626802
0.34133335
-12.83413396
-9.48906713
7.5093337
28.33066805
47.58186899
36.65920179
7.78240038
-23.8933345
-18.56853424
9.14773378
37.47840183
46.96746896
35.84000175
7.03146701
-16.11093412
-23.34720114
3.4133335
35.56693507
53.52106928
35.22560172
3.14026682
-20.61653434
-19.86560097
8.39680041
39.25333525
47.37706898
26.89706798
-3.07200015
-15.29173408
-3.34506683
13.85813401
29.69600145
32.90453494
26.55573463
63.82933645
19.66080096
12.9706673
1.16053339
-3.4133335
7.44106703
24.23466785
30.65173483
21.8453344
8.73813376
1.29706673
-0.88746671
5.93920029
24.91733455
33.38240163
26.48746796
0.95573338
-10.10346716
0.95573338
21.1626677
33.17760162
30.10560147
13.92640068
-3.4133335
-12.76586729
4.43733355
32.01706823
43.21280211
27.44320134
-1.91146676
-14.54080071
-9.28426712
15.29173408
42.18880206
47.71840233
20.13866765
-15.90613411
-26.55573463
-2.66240013
27.85280136
48.05973568
40.00426862
14.19946736
-11.87840058
-22.86933445
-6.28053364
27.78453469
49.49333575
40.82346866
9.5573338
-12.35626727
-17.68106753
-1.97973343
24.30293452
43.41760212
40.68693532
12.76586729
-7.30453369
-16.58880081
-1.70666675
20.13866765
40.2773353
40.41386864
19.72906763
-10.30826717
-17.61280086
-1.63840008
27.57973468
40.07253529
33.99680166
10.30826717
-8.39680041
-14.06293402
4.36906688
29.01333475
40.41386864
24.5760012
4.64213356
-7.37280036
-5.12000025
11.87840058
28.94506808
38.09280186
22.32320109
-3.07200015
-15.56480076
1.43360007
22.45973443
35.70346841
26.28266795
12.76586729
-7.23626702
-7.91893372
6.69013366
33.04106828
37.95626852
21.77706773
-4.30080021
-7.98720039
1.57013341
22.86933445
32.97280161
30.92480151
11.05920054
-9.76213381
-5.93920029
13.99466735
30.7200015
26.6240013
16.52053414
9.62560047
6.07573363
-0.54613336
4.71040023
15.56480076
29.21813476
25.53173458
16.45226747
7.5093337
1.57013341
-4.64213356
5.25653359
26.48746796
41.50613536
28.6720014
5.18826692
-11.87840058
-9.5573338
5.93920029
30.58346816
46.83093562
33.65546831
0.47786669
-23.41546781
-9.76213381
21.36746771
37.88800185
31.94880156
18.29546756
5.25653359
-3.14026682
-3.4133335
12.9706673
27.64800135
25.80480126
14.3360007
9.01120044
9.89866715
6.62186699
4.02773353
11.33226722
23.82506783
27.71626802
15.97440078
4.7786669
5.05173358
8.32853374
11.12746721
16.45226747
25.2586679
20.95786769
7.30453369
-0.81920004
7.5093337
19.52426762
18.97813426
14.95040073
14.26773403
14.67733405
10.71786719
11.12746721
9.07946711
12.35626727
11.05920054
16.17920079
18.29546756
15.08693407
3.48160017
7.5093337
11.87840058
11.6053339
15.29173408
18.77333425
12.15146726
7.44106703
7.91893372
14.67733405
14.54080071
13.72160067
16.99840083
17.47626752
11.40053389
6.1440003
7.03146701
12.15146726
19.1146676
5.4613336
6.21226697
13.03893397
17.95413421
19.66080096
13.92640068
13.99466735
11.33226722
7.57760037
7.64586704
12.56106728
17.0666675
19.25120094
15.42826742
14.54080071
8.32853374
5.52960027
6.75840033
14.26773403
21.43573438
22.59626777
15.0186674
8.94293377
3.75466685
4.23253354
10.10346716
23.96160117
28.39893472
18.97813426
2.45760012
-3.61813351
4.84693357
19.7973343
29.42293477
24.84906788
8.32853374
-1.22880006
1.22880006
14.88213406
23.96160117
26.69226797
15.36000075
4.57386689
-0.40960002
11.12746721
21.1626677
25.12213456
14.47253404
4.71040023
3.61813351
13.44853399
20.54826767
17.20320084
9.48906713
8.39680041
14.26773403
16.17920079
11.33226722
10.99093387
16.99840083
15.15520074
13.17546731
4.91520024
7.78240038
10.9226672
22.73280111
18.77333425
17.81760087
4.84693357
2.66240013
3.82293352
21.09440103
26.48746796
23.41546781
13.38026732
23.55200115
28.39893472
17.81760087
7.16800035
3.27680016
13.38026732
24.23466785
23.96160117
15.08693407
10.10346716
2.7306668
3.34506683
10.58133385
25.53173458
23.07413446
16.24746746
7.03146701
8.80640043
8.39680041
14.3360007
14.54080071
17.95413421
17.68106753
17.40800085
9.89866715
9.35253379
7.37280036
10.44480051
14.95040073
28.05760137
71.54347016
28.6720014
15.97440078
1.09226672
-3.14026682
3.61813351
19.66080096
31.33440153
23.14240113
10.64960052
-1.63840008
2.38933345
8.32853374
22.18666775
24.16640118
20.95786769
5.05173358
7.03146701
2.45760012
14.95040073
15.22346741
12.2880006
5.25653359
5.25653359
12.83413396
24.71253454
20.07040098
11.05920054
6.69013366
8.66986709
12.62933395
15.08693407
20.34346766
17.20320084
11.19573388
7.37280036
7.5093337
15.76960077
9.76213381
10.9226672
8.1920004
8.53333375
12.9706673
19.52426762
22.11840108
16.65706748
6.21226697
-0.40960002
3.48160017
17.95413421
27.44320134
27.51146801
16.24746746
-2.11626677
-7.57760037
4.91520024
27.17013466
35.29386839
23.14240113
4.23253354
-8.1920004
-3.14026682
16.17920079
32.97280161
31.4026682
17.95413421
-0.54613336
-6.55360032
1.63840008
20.07040098
31.67573488
31.33440153
16.31573413
-2.11626677
-10.30826717
3.07200015
21.23093437
33.65546831
28.80853474
13.38026732
-1.16053339
-3.4133335
6.75840033
16.52053414
28.05760137
28.46720139
15.0186674
1.3653334
-2.25280011
1.84320009
15.63306743
28.53546806
31.88053489
14.67733405
2.66240013
-7.03146701
1.57013341
17.27146751
33.58720164
29.55946811
15.49653409
-0.95573338
-6.41706698
0.81920004
22.32320109
37.34186849
29.90080146
8.8746671
-10.64960052
-7.30453369
12.56106728
34.40640168
36.72746846
19.45600095
-1.63840008
-10.44480051
-1.97973343
20.61653434
36.8640018
31.67573488
10.2400005
-7.44106703
-8.53333375
8.1920004
30.17386814
35.90826842
22.11840108
2.0480001
-6.69013366
3.27680016
20.13866765
30.85653484
22.59626777
9.5573338
2.59413346
3.95946686
11.53706723
18.4320009
20.68480101
16.65706748
13.38026732
6.48533365
6.28053364
7.5093337
19.25120094
21.23093437
19.59253429
8.80640043
4.23253354
4.43733355
16.24746746
18.15893422
19.18293427
6.48533365
5.73440028
12.49280061
19.66080096
22.11840108
15.97440078
5.59786694
1.50186674
9.5573338
19.04640093
21.64053439
13.03893397
10.51306718
5.87093362
12.76586729
15.22346741
16.72533415
15.42826742
15.76960077
10.71786719
7.23626702
4.7786669
15.56480076
21.23093437
22.66453444
12.9706673
2.45760012
0.61440003
9.83040048
25.05386789
27.51146801
19.52426762
7.09973368
-1.70666675
-1.84320009
15.76960077
28.26240138
27.92106803
13.31200065
4.16426687
-2.7306668
4.64213356
14.95040073
28.53546806
28.12586804
17.33973418
-1.02400005
-3.00373348
7.78240038
23.62026782
24.64426787
16.86186749
11.19573388
10.99093387
6.826667
6.34880031
8.94293377
18.77333425
21.23093437
21.50400105
15.56480076
7.37280036
1.16053339
3.4133335
14.06293402
25.66826792
29.21813476
20.27520099
4.84693357
-5.32480026
-0.88746671
15.56480076
32.49493492
32.49493492
13.38026732
-2.25280011
-5.66613361
9.28426712
21.09440103
27.9893347
21.09440103
11.67360057
3.00373348
6.28053364
15.76960077
9.83040048
6.96320034
17.54453419
21.8453344
18.15893422
6.826667
1.63840008
5.18826692
15.15520074
25.80480126
28.26240138
15.0186674
1.3653334
-7.16800035
5.39306693
23.75680116
29.83253479
24.50773453
6.55360032
0.61440003
3.68640018
13.85813401
17.33973418
17.7493342
18.56853424
17.88586754
11.94666725
6.07573363
5.80266695
11.53706723
14.67733405
14.74560072
20.07040098
18.02240088
13.44853399
5.73440028
1.3653334
7.30453369
17.7493342
26.48746796
22.25493442
11.94666725
2.11626677
-0.47786669
10.78613386
24.98560122
21.91360107
14.26773403
9.62560047
11.87840058
10.58133385
10.58133385
14.06293402
16.65706748
14.26773403
15.0186674
16.99840083
16.11093412
7.78240038
1.84320009
6.28053364
19.7973343
27.23840133
20.88960102
8.53333375
5.32480026
1.29706673
3.07200015
12.62933395
30.92480151
32.49493492
15.63306743
-3.34506683
-6.34880031
4.02773353
19.04640093
28.53546806
30.99306818
17.81760087
-1.02400005
-12.62933395
0.95573338
28.6720014
12.9706673
-0.06826667
-4.50560022
1.50186674
21.29920104
31.19786819
25.05386789
9.89866715
5.52960027
6.21226697
7.37280036
8.66986709
19.72906763
22.39146776
18.09066755
7.03146701
5.93920029
12.49280061
12.42453394
12.56106728
16.31573413
22.25493442
14.40426737
2.25280011
6.1440003
16.79360082
12.49280061
9.83040048
8.26026707
8.1920004
17.27146751
24.43946786
20.41173433
3.07200015
-1.29706673
8.80640043
22.05013441
24.84906788
21.91360107
11.05920054
1.09226672
-4.57386689
6.62186699
28.80853474
34.06506833
19.93386764
0.47786669
-2.45760012
1.77493342
13.92640068
23.8933345
29.14986809
19.72906763
3.4133335
-0.88746671
5.73440028
15.42826742
18.90986759
22.59626777
21.43573438
11.94666725
2.7306668
3.95946686
13.51680066
20.75306768
17.7493342
16.17920079
12.9706673
12.08320059
4.98346691
7.37280036
14.3360007
21.1626677
18.29546756
14.81386739
10.9226672
10.10346716
3.89120019
12.35626727
20.27520099
24.50773453
12.08320059
8.05546706
7.03146701
11.53706723
12.76586729
15.7013341
16.93013416
13.92640068
8.32853374
7.09973368
15.36000075
18.50026757
15.36000075
7.5093337
8.80640043
9.21600045
16.45226747
20.75306768
24.02986784
9.89866715
-3.4133335
-1.57013341
17.81760087
29.01333475
27.306668
15.42826742
3.34506683
-1.3653334
1.43360007
16.3840008
30.92480151
31.67573488
12.15146726
-2.52586679
-4.43733355
7.5093337
16.17920079
26.41920129
27.44320134
18.36373423
0.61440003
-0.81920004
7.03146701
19.93386764
20.27520099
19.7973343
17.95413421
14.3360007
3.75466685
1.70666675
10.17173383
19.52426762
21.98186774
18.15893422
14.60906738
10.2400005
2.66240013
4.98346691
14.95040073
23.68853449
25.53173458
15.7013341
4.98346691
-0.88746671
3.68640018
15.83786744
29.14986809
26.35093462
12.69760062
-4.23253354
-0.81920004
15.15520074
26.55573463
25.19040123
14.26773403
7.71413371
3.14026682
4.98346691
15.83786744
25.39520124
22.73280111
10.03520049
3.14026682
7.16800035
14.06293402
16.31573413
15.08693407
17.0666675
14.54080071
9.21600045
9.35253379
12.2880006
16.45226747
16.17920079
11.67360057
17.20320084
15.76960077
11.53706723
2.79893347
8.94293377
20.61653434
25.9413346
16.79360082
7.23626702
-1.16053339
4.64213356
14.95040073
28.19413471
25.73653459
13.92640068
-1.77493342
-2.38933345
6.34880031
24.02986784
30.58346816
30.31040148
10.85440053
-9.07946711
-12.21973393
9.35253379
33.99680166
39.45813526
19.25120094
2.0480001
-8.32853374
-2.38933345
10.99093387
30.65173483
34.67946836
25.32693457
0.13653334
-6.62186699
-2.79893347
13.78986734
27.44320134
36.31786844
23.62026782
4.36906688
-10.9226672
-4.02773353
15.83786744
31.33440153
30.99306818
22.25493442
4.71040023
-2.38933345
-4.30080021
9.48906713
26.00960127
32.15360157
25.12213456
6.1440003
-4.36906688
-7.78240038
11.05920054
28.33066805
37.95626852
18.84160092
3.61813351
-8.1920004
-1.29706673
13.44853399
28.12586804
28.94506808
21.64053439
6.1440003
-7.09973368
-3.82293352
14.60906738
28.53546806
29.49120144
17.61280086
7.5093337
-1.16053339
1.91146676
15.83786744
25.60000125
24.64426787
14.3360007
6.62186699
5.18826692
7.5093337
18.09066755
20.13866765
19.25120094
9.07946711
17.33973418
18.15893422
14.88213406
7.71413371
10.37653384
9.42080046
16.04266745
20.88960102
19.86560097
10.30826717
0.81920004
3.82293352
17.54453419
19.7973343
19.45600095
14.40426737
16.04266745
9.01120044
2.93546681
3.48160017
17.88586754
24.37120119
23.62026782
12.9706673
8.73813376
1.43360007
2.52586679
10.44480051
26.55573463
31.47093487
19.25120094
1.91146676
-6.34880031
-0.40960002
16.17920079
31.88053489
32.22186824
18.15893422
-5.05173358
-7.03146701
4.98346691
27.57973468
28.80853474
23.75680116
7.5093337
0.54613336
-0.88746671
15.56480076
24.84906788
26.6240013
10.85440053
6.1440003
5.12000025
10.71786719
13.653334
21.02613436
22.5280011
15.90613411
2.32106678
-0.40960002
13.44853399
24.5760012
25.9413346
15.36000075
8.94293377
0.61440003
2.0480001
10.2400005
25.80480126
30.0373348
22.5280011
4.16426687
-10.17173383
-4.98346691
16.17920079
36.79573513
37.75146851
20.07040098
-6.07573363
-15.7013341
-3.27680016
22.93760112
38.16106853
39.04853524
20.13866765
-5.66613361
-20.34346766
-8.66986709
21.1626677
46.08000225
41.6426687
17.88586754
-7.78240038
-17.81760087
-6.69013366
19.59253429
42.87146876
39.79946861
19.7973343
-9.28426712
-14.74560072
-1.84320009
17.54453419
34.67946836
35.90826842
19.72906763
-0.13653334
-11.67360057
0.95573338
19.1146676
32.35840158
25.53173458
12.2880006
2.18453344
6.28053364
11.6053339
15.63306743
9.96693382
15.7013341
15.97440078
17.27146751
13.38026732
9.48906713
9.21600045
9.76213381
12.15146726
12.76586729
15.56480076
10.78613386
2.32106678
1.29706673
13.24373398
22.18666775
27.306668
15.08693407
9.42080046
3.07200015
2.93546681
8.60160042
18.36373423
28.19413471
25.87306793
12.56106728
17.13493417
13.72160067
7.85066705
7.71413371
6.55360032
17.47626752
21.50400105
17.7493342
7.91893372
8.12373373
13.99466735
16.86186749
10.99093387
9.28426712
11.81013391
18.22720089
18.70506758
12.49280061
9.07946711
9.01120044
10.78613386
12.35626727
15.15520074
16.31573413
16.79360082
13.78986734
12.42453394
9.48906713
5.18826692
8.46506708
20.480001
23.96160117
17.33973418
6.28053364
7.30453369
13.653334
21.70880106
20.07040098
12.49280061
3.54986684
3.89120019
11.05920054
18.22720089
22.73280111
21.1626677
12.56106728
4.84693357
2.93546681
10.03520049
19.04640093
21.70880106
19.18293427
7.98720039
18.36373423
27.03360132
20.27520099
11.33226722
-0.20480001
6.48533365
12.76586729
22.59626777
21.64053439
16.58880081
7.71413371
3.14026682
8.73813376
16.93013416
19.66080096
19.93386764
13.72160067
7.30453369
1.77493342
7.85066705
21.43573438
28.05760137
16.93013416
4.57386689
-0.6826667
22.45973443
16.52053414
9.21600045
3.48160017
4.84693357
13.24373398
23.55200115
20.00213431
18.29546756
7.91893372
4.36906688
2.59413346
13.51680066
24.5760012
26.82880131
14.26773403
2.38933345
-1.02400005
8.46506708
14.88213406
23.27893447
24.37120119
20.07040098
5.12000025
-0.61440003
1.57013341
17.95413421
26.35093462
29.62773478
-4.84693357
3.82293352
22.80106778
29.76426812
27.03360132
7.44106703
-4.36906688
-4.02773353
16.17920079
29.28640143
34.06506833
13.72160067
-5.05173358
-12.01493392
11.74186724
34.40640168
38.36586854
6.62186699
28.94506808
43.75893547
28.05760137
2.25280011
-22.18666775
-8.8746671
19.18293427
44.44160217
36.8640018
16.04266745
-7.09973368
-15.83786744
-6.41706698
22.80106778
44.64640218
45.60213556
14.26773403
-14.74560072
-23.27893447
1.57013341
26.96533465
45.12426887
37.61493517
17.20320084
-10.17173383
-19.72906763
-7.85066705
23.62026782
46.01173558
47.99146901
17.88586754
-11.67360057
-27.17013466
-7.23626702
29.62773478
50.31253579
39.73120194
11.40053389
-10.71786719
-14.81386739
-4.0960002
20.27520099
40.82346866
40.2773353
17.7493342
-9.42080046
-15.42826742
-1.63840008
25.53173458
39.25333525
34.54293502
12.69760062
-6.89493367
-10.99093387
5.39306693
25.60000125
9.62560047
-2.32106678
-4.30080021
11.05920054
30.37866815
32.63146826
18.4320009
-2.11626677
-5.12000025
6.89493367
25.39520124
30.7200015
21.50400105
5.87093362
-4.84693357
1.70666675
13.24373398
7.23626702
1.02400005
-0.61440003
9.69386714
22.25493442
29.28640143
23.2106678
12.35626727
-1.97973343
-3.20853349
4.36906688
18.77333425
29.76426812
31.12960152
21.09440103
2.7306668
-8.32853374
-9.62560047
12.90240063
35.02080171
46.14826892
25.73653459
-1.09226672
-21.70880106
-10.64960052
12.56106728
39.18506858
42.59840208
32.63146826
0.54613336
-19.31946761
-20.34346766
13.03893397
43.6906688
48.40106903
25.80480126
-2.52586679
-21.02613436
-9.89866715
11.87840058
38.9120019
38.84373523
24.30293452
1.91146676
-7.78240038
-1.91146676
9.5573338
21.77706773
33.10933495
29.14986809
14.74560072
-3.95946686
-7.23626702
2.52586679
18.02240088
33.24586829
31.19786819
17.40800085
-1.91146676
-9.96693382
1.57013341
26.14613461
38.02453519
28.46720139
7.57760037
-9.28426712
-6.75840033
34.54293502
9.76213381
-14.19946736
-10.30826717
17.20320084
38.50240188
31.94880156
10.99093387
0.13653334
-3.14026682
2.32106678
19.1146676
30.44693482
32.42666825
18.22720089
-0.88746671
-9.89866715
-2.38933345
21.36746771
33.99680166
37.61493517
16.72533415
-5.12000025
-15.08693407
1.43360007
23.8933345
37.13706848
32.42666825
18.22720089
-6.07573363
-13.653334
-0.34133335
27.23840133
38.50240188
28.80853474
6.00746696
-7.5093337
-2.52586679
16.24746746
23.55200115
25.9413346
15.90613411
6.62186699
3.68640018
11.67360057
16.99840083
14.60906738
12.15146726
14.88213406
16.17920079
15.0186674
6.826667
7.16800035
13.38026732
19.66080096
17.47626752
12.35626727
9.48906713
9.28426712
10.85440053
17.54453419
22.86933445
17.61280086
5.25653359
-1.02400005
8.94293377
21.64053439
27.92106803
19.04640093
4.91520024
-8.05546706
2.59413346
19.25120094
33.92853499
28.46720139
9.48906713
-5.39306693
-4.23253354
9.76213381
24.16640118
30.85653484
26.41920129
8.32853374
-5.32480026
-3.48160017
11.26400055
26.35093462
29.49120144
20.07040098
5.66613361
1.84320009
3.89120019
12.62933395
18.70506758
19.93386764
16.79360082
13.92640068
10.03520049
7.23626702
8.12373373
12.01493392
15.0186674
17.88586754
18.84160092
13.653334
8.1920004
6.96320034
8.12373373
14.74560072
15.56480076
18.36373423
12.21973393
11.05920054
7.85066705
11.6053339
16.3840008
19.31946761
11.46880056
6.00746696
8.32853374
21.36746771
21.43573438
17.7493342
5.32480026
1.63840008
4.84693357
17.95413421
24.30293452
24.91733455
13.38026732
1.43360007
-2.11626677
7.98720039
19.45600095
27.17013466
26.35093462
15.7013341
2.45760012
-4.91520024
6.62186699
20.68480101
26.76053464
19.52426762
12.90240063
4.30080021
6.21226697
7.71413371
19.25120094
18.97813426
20.13866765
11.19573388
9.76213381
10.64960052
12.76586729
12.9706673
15.0186674
12.76586729
12.83413396
12.49280061
15.36000075
16.65706748
8.73813376
5.93920029
7.98720039
17.0666675
20.61653434
16.86186749
13.10720064
12.42453394
12.21973393
9.5573338
7.30453369
12.2880006
16.72533415
21.57226772
15.76960077
9.62560047
2.66240013
13.58506733
29.42293477
26.21440128
18.63680091
5.66613361
3.20853349
0.61440003
10.17173383
20.54826767
29.76426812
24.30293452
8.60160042
-6.07573363
-3.14026682
10.85440053
27.51146801
31.67573488
21.57226772
9.35253379
4.64213356
4.02773353
5.66613361
11.40053389
23.8933345
30.92480151
21.02613436
4.7786669
-8.73813376
-0.88746671
14.95040073
29.49120144
29.76426812
18.09066755
9.42080046
3.68640018
7.78240038
10.44480051
10.9226672
16.52053414
22.11840108
23.96160117
11.94666725
-1.91146676
-1.02400005
7.98720039
23.55200115
30.31040148
23.48373448
11.6053339
-0.06826667
0.88746671
8.8746671
18.22720089
24.78080121
21.70880106
10.9226672
0.95573338
-1.43360007
15.29173408
26.21440128
24.23466785
6.07573363
3.75466685
13.72160067
25.39520124
16.86186749
6.07573363
0.34133335
12.69760062
19.45600095
19.18293427
11.6053339
8.73813376
12.08320059
12.9706673
17.13493417
12.69760062
9.48906713
9.69386714
18.63680091
18.56853424
18.02240088
5.52960027
8.53333375
4.7786669
12.2880006
16.17920079
28.39893472
24.16640118
9.48906713
-6.75840033
-2.86720014
14.81386739
35.29386839
27.64800135
18.02240088
-1.70666675
-2.93546681
-0.95573338
16.65706748
21.29920104
27.10186799
25.05386789
22.80106778
1.91146676
-17.0666675
-18.09066755
20.82133435
53.04320259
54.68160267
15.08693407
-21.91360107
-30.17386814
-2.7306668
26.55573463
53.31626927
47.786669
24.43946786
-14.40426737
-31.88053489
-18.4320009
21.91360107
54.06720264
57.27573613
25.05386789
-16.24746746
-37.81973518
-15.63306743
25.39520124
52.15573588
51.2000025
25.73653459
-6.48533365
-27.37493467
-21.36746771
11.46880056
47.58186899
56.45653609
31.26613486
-13.03893397
-30.78826817
-13.653334
23.75680116
47.17226897
47.37706898
19.45600095
-9.28426712
-15.29173408
-1.3653334
17.47626752
36.04480176
36.72746846
21.09440103
-7.64586704
-15.83786744
-5.05173358
27.306668
43.75893547
33.65546831
1.02400005
-10.64960052
-1.3653334
18.77333425
30.10560147
29.42293477
14.40426737
1.84320009
-3.20853349
5.87093362
16.04266745
26.21440128
28.12586804
16.79360082
-1.09226672
-9.28426712
5.66613361
30.37866815
43.14453544
25.66826792
-1.84320009
-17.54453419
-2.79893347
15.63306743
35.36213506
34.67946836
