Time, n - aac oeeuo?a	 "/s - aac oeeuo?a	Time, n - oeeuo? 3Ao	 "/s - oeeuo? 3Ao	
5112	-965	5112	-924	
5113	-916	5113	-926	
5114	-843	5114	-921	
5115	-752	5115	-906	
5116	-667	5116	-882	
5117	-588	5117	-852	
5118	-528	5118	-816	
5119	-473	5119	-779	
5120	-424	5120	-739	
5121	-373	5121	-698	
5122	-319	5122	-656	
5123	-278	5123	-613	
5124	-241	5124	-571	
5125	-217	5125	-530	
5126	-194	5126	-491	
5127	-170	5127	-455	
5128	-144	5128	-419	
5129	-116	5129	-384	
5130	-93	5130	-351	
5131	-79	5131	-319	
5132	-71	5132	-290	
5133	-57	5133	-263	
5134	-36	5134	-237	
5135	-12	5135	-212	
5136	8	5136	-187	
5137	19	5137	-163	
5138	24	5138	-141	
5139	25	5139	-121	
5140	34	5140	-103	
5141	47	5141	-86	
5142	59	5142	-69	
5143	65	5143	-54	
5144	70	5144	-39	
5145	69	5145	-26	
5146	67	5146	-15	
5147	77	5147	-5	
5148	89	5148	6	
5149	100	5149	16	
5150	99	5150	26	
5151	92	5151	35	
5152	87	5152	41	
5153	84	5153	46	
5154	87	5154	51	
5155	91	5155	56	
5156	92	5156	60	
5157	81	5157	63	
5158	69	5158	64	
5159	63	5159	65	
5160	62	5160	64	
5161	64	5161	64	
5162	64	5162	64	
5163	59	5163	64	
5164	48	5164	63	
5165	36	5165	60	
5166	28	5166	57	
5167	28	5167	53	
5168	28	5168	50	
5169	23	5169	47	
5170	13	5170	44	
5171	-4	5171	39	
5172	-15	5172	33	
5173	-19	5173	27	
5174	-13	5174	22	
5175	-13	5175	18	
5176	-19	5176	14	
5177	-27	5177	10	
5178	-37	5178	5	
5179	-39	5179	-1	
5180	-35	5180	-5	
5181	-28	5181	-8	
5182	-27	5182	-10	
5183	-33	5183	-13	
5184	-41	5184	-16	
5185	-45	5185	-19	
5186	-40	5186	-22	
5187	-29	5187	-23	
5188	-15	5188	-23	
5189	-10	5189	-22	
5190	-11	5190	-20	
5191	-12	5191	-19	
5192	-7	5192	-18	
5193	7	5193	-16	
5194	24	5194	-12	
5195	33	5195	-7	
5196	32	5196	-3	
5197	31	5197	1	
5198	32	5198	5	
5199	44	5199	9	
5200	61	5200	14	
5201	75	5201	21	
5202	85	5202	28	
5203	86	5203	35	
5204	86	5204	41	
5205	93	5205	47	
5206	107	5206	53	
5207	123	5207	60	
5208	135	5208	69	
5209	138	5209	77	
5210	134	5210	84	
5211	133	5211	90	
5212	140	5212	95	
5213	155	5213	101	
5214	167	5214	109	
5215	167	5215	116	
5216	163	5216	122	
5217	159	5217	126	
5218	159	5218	130	
5219	165	5219	134	
5220	174	5220	138	
5221	176	5221	143	
5222	172	5222	147	
5223	162	5223	149	
5224	154	5224	150	
5225	151	5225	150	
5226	152	5226	150	
5227	155	5227	151	
5228	152	5228	151	
5229	140	5229	151	
5230	127	5230	149	
5231	121	5231	146	
5232	121	5232	143	
5233	122	5233	140	
5234	120	5234	138	
5235	109	5235	135	
5236	95	5236	131	
5237	85	5237	126	
5238	82	5238	121	
5239	81	5239	116	
5240	78	5240	112	
5241	73	5241	108	
5242	62	5242	103	
5243	50	5243	97	
5244	42	5244	91	
5245	42	5245	85	
5246	47	5246	80	
5247	47	5247	76	
5248	40	5248	73	
5249	31	5249	68	
5250	26	5250	63	
5251	27	5251	59	
5252	35	5252	55	
5253	40	5253	53	
5254	40	5254	52	
5255	36	5255	50	
5256	32	5256	48	
5257	35	5257	46	
5258	44	5258	46	
5259	56	5259	46	
5260	64	5260	48	
5261	67	5261	50	
5262	65	5262	52	
5263	67	5263	54	
5264	74	5264	55	
5265	86	5265	58	
5266	100	5266	63	
5267	108	5267	68	
5268	110	5268	73	
5269	111	5269	77	
5270	117	5270	81	
5271	127	5271	86	
5272	140	5272	92	
5273	151	5273	98	
5274	155	5274	105	
5275	156	5275	111	
5276	159	5276	116	
5277	167	5277	122	
5278	179	5278	128	
5279	188	5279	135	
5280	194	5280	141	
5281	194	5281	148	
5282	191	5282	153	
5283	191	5283	158	
5284	197	5284	162	
5285	203	5285	166	
5286	207	5286	171	
5287	205	5287	175	
5288	200	5288	178	
5289	196	5289	181	
5290	195	5290	182	
5291	198	5291	184	
5292	199	5292	186	
5293	194	5293	187	
5294	182	5294	187	
5295	171	5295	186	
5296	164	5296	184	
5297	160	5297	181	
5298	158	5298	178	
5299	153	5299	176	
5300	142	5300	172	
5301	126	5301	168	
5302	113	5302	162	
5303	105	5303	156	
5304	102	5304	149	
5305	98	5305	143	
5306	90	5306	138	
5307	77	5307	131	
5308	63	5308	124	
5309	52	5309	116	
5310	48	5310	108	
5311	47	5311	101	
5312	42	5312	94	
5313	33	5313	87	
5314	22	5314	80	
5315	12	5315	73	
5316	7	5316	65	
5317	9	5317	58	
5318	11	5318	52	
5319	9	5319	47	
5320	3	5320	43	
5321	-3	5321	37	
5322	-6	5322	32	
5323	-4	5323	28	
5324	3	5324	25	
5325	9	5325	22	
5326	13	5326	21	
5327	20	5327	20	
5328	36	5328	21	
5329	66	5329	25	
5330	98	5330	32	
5331	121	5331	41	
5332	123	5332	51	
5333	103	5333	58	
5334	60	5334	61	
5335	3	5335	58	
5336	-61	5336	47	
5337	-133	5337	30	
5338	-203	5338	6	
5339	-272	5339	-23	
5340	-341	5340	-57	
5341	-393	5341	-94	
5342	-436	5342	-132	
5343	-469	5343	-171	
5344	-495	5344	-208	
5345	-526	5345	-244	
5346	-556	5346	-279	
5347	-581	5347	-314	
5348	-597	5348	-347	
5349	-603	5349	-377	
5350	-607	5350	-404	
5351	-616	5351	-429	
5352	-631	5352	-452	
5353	-649	5353	-475	
5354	-660	5354	-496	
5355	-664	5355	-516	
5356	-664	5356	-534	
5357	-668	5357	-549	
5358	-677	5358	-564	
5359	-686	5359	-578	
5360	-699	5360	-592	
5361	-703	5361	-605	
5362	-701	5362	-616	
5363	-699	5363	-626	
5364	-700	5364	-635	
5365	-712	5365	-643	
5366	-728	5366	-653	
5367	-741	5367	-662	
5368	-742	5368	-672	
5369	-742	5369	-680	
5370	-744	5370	-688	
5371	-752	5371	-695	
5372	-769	5372	-703	
5373	-785	5373	-712	
5374	-792	5374	-721	
5375	-793	5375	-730	
5376	-792	5376	-737	
5377	-795	5377	-744	
5378	-808	5378	-751	
5379	-823	5379	-758	
5380	-838	5380	-767	
5381	-846	5381	-776	
5382	-846	5382	-784	
5383	-847	5383	-792	
5384	-853	5384	-799	
5385	-867	5385	-806	
5386	-879	5386	-814	
5387	-886	5387	-822	
5388	-883	5388	-830	
5389	-876	5389	-836	
5390	-876	5390	-841	
5391	-880	5391	-845	
5392	-891	5392	-850	
5393	-897	5393	-855	
5394	-893	5394	-860	
5395	-886	5395	-863	
5396	-878	5396	-866	
5397	-875	5397	-867	
5398	-878	5398	-868	
5399	-882	5399	-869	
5400	-879	5400	-871	
5401	-870	5401	-871	
5402	-855	5402	-870	
5403	-843	5403	-868	
5404	-839	5404	-864	
5405	-838	5405	-861	
5406	-835	5406	-858	
5407	-824	5407	-855	
5408	-805	5408	-850	
5409	-788	5409	-844	
5410	-782	5410	-837	
5411	-780	5411	-830	
5412	-779	5412	-824	
5413	-773	5413	-818	
5414	-756	5414	-812	
5415	-739	5415	-804	
5416	-726	5416	-796	
5417	-720	5417	-787	
5418	-718	5418	-779	
5419	-714	5419	-771	
5420	-702	5420	-764	
5421	-687	5421	-756	
5422	-674	5422	-747	
5423	-667	5423	-737	
5424	-669	5424	-729	
5425	-674	5425	-722	
5426	-674	5426	-717	
5427	-666	5427	-711	
5428	-655	5428	-705	
5429	-648	5429	-698	
5430	-653	5430	-693	
5431	-660	5431	-688	
5432	-663	5432	-685	
5433	-662	5433	-683	
5434	-655	5434	-680	
5435	-650	5435	-676	
5436	-653	5436	-673	
5437	-664	5437	-672	
5438	-677	5438	-672	
5439	-686	5439	-673	
5440	-687	5440	-674	
5441	-685	5441	-676	
5442	-687	5442	-677	
5443	-695	5443	-679	
5444	-710	5444	-682	
5445	-726	5445	-686	
5446	-731	5446	-691	
5447	-728	5447	-696	
5448	-727	5448	-699	
5449	-731	5449	-703	
5450	-742	5450	-707	
5451	-757	5451	-712	
5452	-767	5452	-718	
5453	-769	5453	-724	
5454	-768	5454	-729	
5455	-767	5455	-734	
5456	-775	5456	-738	
5457	-786	5457	-743	
5458	-796	5458	-749	
5459	-802	5459	-755	
5460	-799	5460	-761	
5461	-790	5461	-765	
5462	-787	5462	-767	
5463	-791	5463	-770	
5464	-799	5464	-773	
5465	-803	5465	-776	
5466	-799	5466	-779	
5467	-789	5467	-781	
5468	-781	5468	-782	
5469	-777	5469	-781	
5470	-781	5470	-781	
5471	-783	5471	-781	
5472	-778	5472	-781	
5473	-766	5473	-780	
5474	-752	5474	-778	
5475	-741	5475	-774	
5476	-736	5476	-770	
5477	-735	5477	-765	
5478	-733	5478	-762	
5479	-723	5479	-758	
5480	-707	5480	-753	
5481	-691	5481	-746	
5482	-683	5482	-739	
5483	-682	5483	-732	
5484	-682	5484	-726	
5485	-678	5485	-721	
5486	-666	5486	-715	
5487	-650	5487	-708	
5488	-639	5488	-701	
5489	-637	5489	-693	
5490	-638	5490	-686	
5491	-638	5491	-681	
5492	-632	5492	-675	
5493	-620	5493	-669	
5494	-612	5494	-663	
5495	-610	5495	-657	
5496	-614	5496	-651	
5497	-620	5497	-647	
5498	-620	5498	-644	
5499	-615	5499	-641	
5500	-609	5500	-637	
5501	-606	5501	-634	
5502	-611	5502	-631	
5503	-623	5503	-629	
5504	-633	5504	-629	
5505	-637	5505	-630	
5506	-635	5506	-630	
5507	-633	5507	-631	
5508	-638	5508	-631	
5509	-649	5509	-633	
5510	-662	5510	-635	
5511	-672	5511	-639	
5512	-677	5512	-643	
5513	-680	5513	-648	
5514	-685	5514	-652	
5515	-696	5515	-656	
5516	-709	5516	-662	
5517	-721	5517	-668	
5518	-729	5518	-675	
5519	-731	5519	-682	
5520	-732	5520	-688	
5521	-737	5521	-693	
5522	-746	5522	-699	
5523	-759	5523	-705	
5524	-770	5524	-713	
5525	-772	5525	-720	
5526	-773	5526	-726	
5527	-775	5527	-732	
5528	-783	5528	-737	
5529	-793	5529	-743	
5530	-800	5530	-750	
5531	-802	5531	-756	
5532	-799	5532	-761	
5533	-793	5533	-765	
5534	-791	5534	-768	
5535	-794	5535	-771	
5536	-797	5536	-774	
5537	-798	5537	-777	
5538	-795	5538	-779	
5539	-788	5539	-781	
5540	-781	5540	-781	
5541	-778	5541	-781	
5542	-779	5542	-781	
5543	-780	5543	-781	
5544	-775	5544	-780	
5545	-762	5545	-779	
5546	-750	5546	-776	
5547	-742	5547	-772	
5548	-745	5548	-769	
5549	-760	5549	-767	
5550	-781	5550	-767	
5551	-796	5551	-770	
5552	-801	5552	-774	
5553	-794	5553	-777	
5554	-772	5554	-777	
5555	-737	5555	-775	
5556	-683	5556	-767	
5557	-616	5557	-753	
5558	-527	5558	-732	
5559	-433	5559	-701	
5560	-343	5560	-664	
5561	-267	5561	-621	
5562	-209	5562	-575	
5563	-157	5563	-528	
5564	-112	5564	-481	
5565	-62	5565	-434	
5566	-15	5566	-387	
5567	23	5567	-340	
5568	52	5568	-295	
5569	70	5569	-252	
5570	89	5570	-213	
5571	105	5571	-176	
5572	125	5572	-141	
5573	147	5573	-108	
5574	164	5574	-76	
5575	168	5575	-47	
5576	165	5576	-22	
5577	167	5577	0	
5578	169	5578	20	
5579	179	5579	39	
5580	185	5580	56	
5581	184	5581	71	
5582	172	5582	84	
5583	160	5583	94	
5584	156	5584	101	
5585	157	5585	108	
5586	159	5586	114	
5587	154	5587	119	
5588	148	5588	123	
5589	135	5589	125	
5590	123	5590	125	
5591	121	5591	125	
5592	123	5592	125	
5593	126	5593	125	
5594	119	5594	124	
5595	108	5595	123	
5596	97	5596	121	
5597	93	5597	117	
5598	99	5598	115	
5599	108	5599	113	
5600	114	5600	113	
5601	106	5601	113	
5602	102	5602	112	
5603	102	5603	111	
5604	109	5604	110	
5605	123	5605	111	
5606	137	5606	113	
5607	144	5607	116	
5608	145	5608	120	
5609	143	5609	123	
5610	146	5610	125	
5611	158	5611	128	
5612	174	5612	133	
5613	190	5613	139	
5614	197	5614	145	
5615	197	5615	152	
5616	202	5616	157	
5617	218	5617	163	
5618	240	5618	171	
5619	258	5619	181	
5620	270	5620	191	
5621	274	5621	200	
5622	278	5622	209	
5623	287	5623	218	
5624	300	5624	227	
5625	316	5625	237	
5626	328	5626	247	
5627	334	5627	257	
5628	334	5628	266	
5629	336	5629	274	
5630	343	5630	282	
5631	357	5631	290	
5632	372	5632	299	
5633	379	5633	308	
5634	378	5634	317	
5635	374	5635	324	
5636	373	5636	330	
5637	378	5637	335	
5638	389	5638	341	
5639	392	5639	347	
5640	385	5640	352	
5641	375	5641	355	
5642	367	5642	357	
5643	365	5643	358	
5644	365	5644	359	
5645	366	5645	360	
5646	366	5646	360	
5647	356	5647	361	
5648	343	5648	359	
5649	335	5649	357	
5650	331	5650	354	
5651	328	5651	351	
5652	325	5652	348	
5653	315	5653	345	
5654	298	5654	340	
5655	282	5655	334	
5656	275	5656	327	
5657	276	5657	321	
5658	276	5658	316	
5659	270	5659	311	
5660	261	5660	305	
5661	251	5661	300	
5662	242	5662	293	
5663	242	5663	287	
5664	245	5664	282	
5665	244	5665	278	
5666	238	5666	273	
5667	228	5667	268	
5668	220	5668	263	
5669	216	5669	258	
5670	221	5670	253	
5671	229	5671	250	
5672	235	5672	248	
5673	233	5673	246	
5674	229	5674	244	
5675	231	5675	242	
5676	238	5676	241	
5677	249	5677	242	
5678	260	5678	243	
5679	264	5679	246	
5680	262	5680	248	
5681	263	5681	249	
5682	271	5682	251	
5683	283	5683	254	
5684	296	5684	259	
5685	309	5685	264	
5686	318	5686	270	
5687	322	5687	276	
5688	327	5688	282	
5689	339	5689	288	
5690	355	5690	295	
5691	369	5691	303	
5692	377	5692	311	
5693	379	5693	319	
5694	379	5694	326	
5695	381	5695	333	
5696	391	5696	339	
5697	403	5697	346	
5698	409	5698	353	
5699	410	5699	360	
5700	409	5700	366	
5701	409	5701	371	
5702	413	5702	376	
5703	420	5703	380	
5704	429	5704	386	
5705	432	5705	391	
5706	427	5706	396	
5707	420	5707	399	
5708	412	5708	401	
5709	409	5709	402	
5710	410	5710	403	
5711	408	5711	404	
5712	399	5712	404	
5713	386	5713	403	
5714	376	5714	400	
5715	370	5715	397	
5716	367	5716	393	
5717	364	5717	390	
5718	357	5718	387	
5719	346	5719	382	
5720	333	5720	377	
5721	323	5721	371	
5722	315	5722	365	
5723	307	5723	359	
5724	298	5724	352	
5725	287	5725	345	
5726	272	5726	337	
5727	259	5727	329	
5728	253	5728	320	
5729	251	5729	312	
5730	251	5730	305	
5731	246	5731	298	
5732	237	5732	291	
5733	226	5733	284	
5734	218	5734	277	
5735	217	5735	269	
5736	220	5736	263	
5737	217	5737	258	
5738	211	5738	253	
5739	205	5739	247	
5740	201	5740	242	
5741	202	5741	237	
5742	208	5742	233	
5743	217	5743	231	
5744	224	5744	230	
5745	225	5745	229	
5746	227	5746	229	
5747	231	5747	229	
5748	239	5748	229	
5749	251	5749	231	
5750	261	5750	234	
5751	266	5751	238	
5752	266	5752	241	
5753	267	5753	244	
5754	276	5754	247	
5755	289	5755	252	
5756	301	5756	257	
5757	310	5757	263	
5758	317	5758	269	
5759	322	5759	275	
5760	330	5760	281	
5761	343	5761	288	
5762	356	5762	295	
5763	366	5763	303	
5764	371	5764	311	
5765	371	5765	318	
5766	370	5766	324	
5767	371	5767	330	
5768	379	5768	335	
5769	389	5769	341	
5770	396	5770	347	
5771	404	5771	354	
5772	414	5772	360	
5773	433	5773	368	
5774	459	5774	377	
5775	482	5775	388	
5776	487	5776	400	
5777	464	5777	409	
5778	417	5778	413	
5779	349	5779	409	
5780	269	5780	397	
5781	183	5781	377	
5782	96	5782	348	
5783	17	5783	314	
5784	-64	5784	273	
5785	-135	5785	229	
5786	-197	5786	181	
5787	-248	5787	133	
5788	-288	5788	85	
5789	-328	5789	38	
5790	-369	5790	-8	
5791	-409	5791	-53	
5792	-443	5792	-98	
5793	-472	5793	-141	
5794	-492	5794	-182	
5795	-512	5795	-220	
5796	-534	5796	-256	
5797	-557	5797	-291	
5798	-577	5798	-324	
5799	-590	5799	-355	
5800	-599	5800	-383	
5801	-604	5801	-409	
5802	-609	5802	-433	
5803	-613	5803	-454	
5804	-622	5804	-474	
5805	-629	5805	-492	
5806	-632	5806	-508	
5807	-631	5807	-523	
5808	-624	5808	-535	
5809	-621	5809	-546	
5810	-623	5810	-555	
5811	-627	5811	-563	
5812	-624	5812	-571	
5813	-614	5813	-577	
5814	-601	5814	-580	
5815	-588	5815	-582	
5816	-580	5816	-582	
5817	-575	5817	-582	
5818	-566	5818	-580	
5819	-555	5819	-578	
5820	-544	5820	-575	
5821	-533	5821	-570	
5822	-525	5822	-565	
5823	-519	5823	-560	
5824	-514	5824	-555	
5825	-511	5825	-550	
5826	-501	5826	-545	
5827	-487	5827	-539	
5828	-475	5828	-532	
5829	-468	5829	-524	
5830	-464	5830	-517	
5831	-461	5831	-511	
5832	-453	5832	-505	
5833	-442	5833	-498	
5834	-436	5834	-491	
5835	-433	5835	-484	
5836	-436	5836	-478	
5837	-439	5837	-473	
5838	-438	5838	-469	
5839	-436	5839	-465	
5840	-433	5840	-462	
5841	-430	5841	-458	
5842	-432	5842	-455	
5843	-437	5843	-452	
5844	-441	5844	-451	
5845	-447	5845	-450	
5846	-449	5846	-450	
5847	-449	5847	-450	
5848	-453	5848	-450	
5849	-463	5849	-451	
5850	-478	5850	-453	
5851	-490	5851	-457	
5852	-496	5852	-461	
5853	-498	5853	-466	
5854	-503	5854	-470	
5855	-510	5855	-474	
5856	-520	5856	-479	
5857	-532	5857	-485	
5858	-538	5858	-491	
5859	-541	5859	-496	
5860	-543	5860	-502	
5861	-546	5861	-507	
5862	-552	5862	-512	
5863	-563	5863	-517	
5864	-574	5864	-524	
5865	-582	5865	-530	
5866	-582	5866	-536	
5867	-577	5867	-541	
5868	-578	5868	-546	
5869	-583	5869	-550	
5870	-588	5870	-554	
5871	-590	5871	-558	
5872	-586	5872	-562	
5873	-578	5873	-564	
5874	-572	5874	-566	
5875	-570	5875	-566	
5876	-569	5876	-566	
5877	-569	5877	-567	
5878	-566	5878	-567	
5879	-560	5879	-567	
5880	-551	5880	-565	
5881	-540	5881	-563	
5882	-533	5882	-560	
5883	-530	5883	-556	
5884	-525	5884	-553	
5885	-516	5885	-549	
5886	-501	5886	-544	
5887	-485	5887	-538	
5888	-474	5888	-531	
5889	-471	5889	-524	
5890	-466	5890	-517	
5891	-458	5891	-511	
5892	-449	5892	-504	
5893	-438	5893	-497	
5894	-429	5894	-489	
5895	-424	5895	-482	
5896	-419	5896	-474	
5897	-413	5897	-468	
5898	-406	5898	-461	
5899	-396	5899	-454	
5900	-388	5900	-446	
5901	-384	5901	-439	
5902	-382	5902	-432	
5903	-384	5903	-426	
5904	-384	5904	-421	
5905	-379	5905	-417	
5906	-375	5906	-412	
5907	-376	5907	-407	
5908	-382	5908	-404	
5909	-391	5909	-402	
5910	-395	5910	-401	
5911	-395	5911	-400	
5912	-395	5912	-400	
5913	-396	5913	-399	
5914	-404	5914	-399	
5915	-415	5915	-400	
5916	-424	5916	-403	
5917	-430	5917	-406	
5918	-435	5918	-409	
5919	-441	5919	-412	
5920	-450	5920	-416	
5921	-464	5921	-421	
5922	-479	5922	-427	
5923	-493	5923	-434	
5924	-502	5924	-442	
5925	-506	5925	-449	
5926	-511	5926	-456	
5927	-520	5927	-463	
5928	-534	5928	-471	
5929	-548	5929	-479	
5930	-557	5930	-488	
5931	-559	5931	-497	
5932	-562	5932	-504	
5933	-569	5933	-511	
5934	-580	5934	-519	
5935	-591	5935	-527	
5936	-599	5936	-535	
5937	-601	5937	-543	
5938	-599	5938	-550	
5939	-597	5939	-555	
5940	-598	5940	-560	
5941	-602	5941	-565	
5942	-606	5942	-570	
5943	-604	5943	-574	
5944	-596	5944	-577	
5945	-585	5945	-579	
5946	-579	5946	-579	
5947	-579	5947	-579	
5948	-581	5948	-579	
5949	-579	5949	-579	
5950	-572	5950	-579	
5951	-561	5951	-577	
5952	-549	5952	-575	
5953	-542	5953	-571	
5954	-536	5954	-567	
5955	-529	5955	-563	
5956	-518	5956	-558	
5957	-504	5957	-553	
5958	-489	5958	-546	
5959	-476	5959	-538	
5960	-467	5960	-530	
5961	-464	5961	-523	
5962	-461	5962	-515	
5963	-453	5963	-508	
5964	-440	5964	-501	
5965	-428	5965	-493	
5966	-419	5966	-485	
5967	-418	5967	-477	
5968	-417	5968	-470	
5969	-411	5969	-463	
5970	-402	5970	-456	
5971	-392	5971	-449	
5972	-385	5972	-442	
5973	-386	5973	-435	
5974	-389	5974	-430	
5975	-393	5975	-425	
5976	-395	5976	-421	
5977	-392	5977	-418	
5978	-390	5978	-415	
5979	-393	5979	-412	
5980	-401	5980	-410	
5981	-411	5981	-410	
5982	-418	5982	-410	
5983	-418	5983	-411	
5984	-418	5984	-412	
5985	-420	5985	-413	
5986	-430	5986	-414	
5987	-445	5987	-417	
5988	-457	5988	-421	
5989	-466	5989	-426	
5990	-473	5990	-431	
5991	-480	5991	-437	
5992	-495	5992	-443	
5993	-522	5993	-450	
5994	-561	5994	-461	
5995	-598	5995	-475	
5996	-625	5996	-492	
5997	-636	5997	-508	
5998	-628	5998	-523	
5999	-609	5999	-535	
6000	-570	6000	-541	
6001	-521	6001	-542	
6002	-451	6002	-535	
6003	-370	6003	-521	
6004	-289	6004	-498	
6005	-216	6005	-468	
6006	-157	6006	-434	
6007	-109	6007	-398	
6008	-68	6008	-361	
6009	-31	6009	-324	
6010	12	6010	-286	
6011	52	6011	-248	
6012	91	6012	-210	
6013	118	6013	-173	
6014	143	6014	-136	
6015	167	6015	-102	
6016	194	6016	-68	
6017	229	6017	-35	
6018	258	6018	-1	
6019	277	6019	31	
6020	284	6020	61	
6021	297	6021	88	
6022	314	6022	114	
6023	337	6023	139	
6024	363	6024	164	
6025	383	6025	189	
6026	396	6026	213	
6027	403	6027	236	
6028	414	6028	256	
6029	431	6029	276	
6030	450	6030	296	
6031	464	6031	315	
6032	476	6032	334	
6033	480	6033	351	
6034	478	6034	366	
6035	484	6035	380	
6036	494	6036	393	
6037	510	6037	406	
6038	520	6038	419	
6039	523	6039	431	
6040	523	6040	442	
6041	525	6041	452	
6042	533	6042	461	
6043	544	6043	470	
6044	553	6044	480	
6045	549	6045	488	
6046	541	6046	495	
6047	536	6047	500	
6048	535	6048	504	
6049	539	6049	508	
6050	544	6050	512	
6051	547	6051	516	
6052	541	6052	520	
6053	531	6053	521	
6054	521	6054	522	
6055	522	6055	522	
6056	524	6056	522	
6057	525	6057	522	
6058	519	6058	522	
6059	502	6059	521	
6060	487	6060	518	
6061	478	6061	513	
6062	479	6062	509	
6063	478	6063	506	
6064	473	6064	502	
6065	463	6065	498	
6066	452	6066	493	
6067	445	6067	488	
6068	442	6068	482	
6069	444	6069	478	
6070	446	6070	474	
6071	442	6071	470	
6072	432	6072	466	
6073	422	6073	462	
6074	416	6074	457	
6075	418	6075	452	
6076	424	6076	448	
6077	425	6077	445	
6078	421	6078	443	
6079	414	6079	440	
6080	411	6080	436	
6081	416	6081	434	
6082	428	6082	432	
6083	437	6083	432	
6084	441	6084	433	
6085	440	6085	434	
6086	437	6086	435	
6087	439	6087	435	
6088	447	6088	436	
6089	458	6089	438	
6090	469	6090	441	
6091	473	6091	445	
6092	473	6092	448	
6093	476	6093	451	
6094	484	6094	455	
6095	497	6095	459	
6096	514	6096	464	
6097	527	6097	471	
6098	531	6098	478	
6099	532	6099	485	
6100	535	6100	490	
6101	545	6101	496	
6102	556	6102	503	
6103	563	6103	510	
6104	567	6104	516	
6105	569	6105	522	
6106	568	6106	528	
6107	571	6107	533	
6108	579	6108	538	
6109	586	6109	543	
6110	592	6110	549	
6111	592	6111	554	
