Generated by GetData Graph Digitizer 2.26.0.20 on February 23 2023, 18:02
from file 'G:\?????? ??-2\fwd\??? ???????\Untitled.jpg'

Line #1
 4.51977401129944e-002   -1.19230769230769e-002
 6.77966101694915e-002   -1.29926739926740e-002
 7.90960451977401e-002   -1.40622710622711e-002
 9.03954802259887e-002   -1.48644688644689e-002
 1.01694915254237e-001   -1.56666666666667e-002
 1.24293785310734e-001   -1.62014652014652e-002
 1.35593220338983e-001   -1.70036630036630e-002
 1.46892655367232e-001   -1.75384615384615e-002
 1.80790960451977e-001   -1.78058608058608e-002
 1.92090395480226e-001   -1.88754578754579e-002
 2.03389830508475e-001   -1.99450549450549e-002
 2.14689265536723e-001   -2.04798534798535e-002
 2.25988700564972e-001   -2.10146520146520e-002
 2.37288135593220e-001   -2.18168498168498e-002
 2.48587570621469e-001   -2.26190476190476e-002
 2.59887005649718e-001   -2.31538461538462e-002
 2.59887005649718e-001   -2.42234432234432e-002
 2.71186440677966e-001   -2.52930402930403e-002
 2.71186440677966e-001   -2.63626373626374e-002
 2.82485875706215e-001   -2.71648351648352e-002
 2.93785310734463e-001   -2.82344322344322e-002
 3.05084745762712e-001   -2.95714285714286e-002
 3.16384180790960e-001   -3.11758241758242e-002
 3.27683615819209e-001   -3.19780219780220e-002
 3.38983050847458e-001   -3.25128205128205e-002
 3.61581920903955e-001   -3.30476190476190e-002
 3.84180790960452e-001   -3.33150183150183e-002
 3.95480225988701e-001   -3.38498168498168e-002
 4.06779661016949e-001   -3.43846153846154e-002
 4.06779661016949e-001   -3.51868131868132e-002
 4.18079096045198e-001   -3.59890109890110e-002
 4.29378531073446e-001   -3.67912087912088e-002
 4.29378531073446e-001   -3.73260073260073e-002
 4.29378531073446e-001   -3.81282051282051e-002
 4.40677966101695e-001   -3.89304029304029e-002
 4.51977401129944e-001   -3.94652014652015e-002
 4.74576271186441e-001   -3.97326007326007e-002
 4.97175141242938e-001   -3.89304029304029e-002
 5.08474576271186e-001   -3.83956043956044e-002
 5.31073446327684e-001   -3.78608058608059e-002
 5.31073446327684e-001   -3.65238095238095e-002
 5.42372881355932e-001   -3.54542124542125e-002
 5.53672316384181e-001   -3.43846153846154e-002
 5.64971751412429e-001   -3.35824175824176e-002
 5.76271186440678e-001   -3.27802197802198e-002
 5.87570621468927e-001   -3.27802197802198e-002
 5.98870056497175e-001   -3.35824175824176e-002
 6.10169491525424e-001   -3.43846153846154e-002
 6.21468926553672e-001   -3.49194139194139e-002
 6.44067796610169e-001   -3.43846153846154e-002
 6.55367231638418e-001   -3.35824175824176e-002
 6.66666666666667e-001   -3.30476190476190e-002
 6.77966101694915e-001   -3.22454212454212e-002
 6.77966101694915e-001   -3.14432234432234e-002
 6.89265536723164e-001   -3.06410256410256e-002
 7.00564971751412e-001   -2.98388278388278e-002
 7.00564971751412e-001   -2.90366300366300e-002
 7.11864406779661e-001   -2.82344322344322e-002
 7.11864406779661e-001   -2.71648351648352e-002
 7.11864406779661e-001   -2.63626373626374e-002
 7.23163841807910e-001   -2.52930402930403e-002
 7.23163841807910e-001   -2.42234432234432e-002
 7.34463276836158e-001   -2.28864468864469e-002
 7.45762711864407e-001   -2.12820512820513e-002
 7.45762711864407e-001   -1.96776556776557e-002
 7.57062146892655e-001   -1.80732600732601e-002
 7.68361581920904e-001   -1.67362637362637e-002
 7.79661016949153e-001   -1.56666666666667e-002
 7.79661016949153e-001   -1.45970695970696e-002
 8.13559322033898e-001   -1.43296703296703e-002
 8.58757062146893e-001   -1.43296703296703e-002
 8.70056497175141e-001   -1.35274725274725e-002
 8.92655367231638e-001   -1.27252747252747e-002
 9.03954802259887e-001   -1.19230769230769e-002
 9.26553672316384e-001   -1.11208791208791e-002
 9.49152542372881e-001   -1.03186813186813e-002
 9.60451977401130e-001   -8.71428571428572e-003
 9.71751412429379e-001   -7.64468864468864e-003
 9.71751412429379e-001   -6.57509157509157e-003
 9.83050847457627e-001   -5.50549450549450e-003
 1.00564971751412e+000   -4.43589743589743e-003
 1.00564971751412e+000   -2.83150183150183e-003
 1.00564971751412e+000   -1.76190476190476e-003
 1.01694915254237e+000   -4.24908424908423e-004
 1.01694915254237e+000    6.44688644688647e-004
 1.02824858757062e+000    1.44688644688645e-003
 1.03954802259887e+000    2.24908424908426e-003
 1.06214689265537e+000    1.98168498168498e-003
 1.09604519774011e+000    1.17948717948718e-003
 1.10734463276836e+000    1.09890109890119e-004
 1.10734463276836e+000   -6.92307692307693e-004
 1.10734463276836e+000   -1.76190476190476e-003
 1.10734463276836e+000   -2.83150183150183e-003
 1.10734463276836e+000   -3.90109890109890e-003
 1.11864406779661e+000   -4.70329670329670e-003
 1.12994350282486e+000   -4.43589743589743e-003
 1.14124293785311e+000   -3.36630036630036e-003
 1.15254237288136e+000   -2.02930402930402e-003
 1.14124293785311e+000   -6.92307692307693e-004
 1.15254237288136e+000    6.44688644688647e-004
 1.16384180790960e+000    2.24908424908426e-003
 1.17514124293785e+000    3.31868131868132e-003
 1.18644067796610e+000    3.85347985347986e-003
 1.19774011299435e+000    3.58608058608059e-003
 1.20903954802260e+000    2.78388278388279e-003
 1.20903954802260e+000    1.71428571428572e-003
 1.22033898305085e+000    6.44688644688647e-004
 1.22033898305085e+000   -4.24908424908423e-004
 1.23163841807910e+000   -1.49450549450549e-003
 1.24293785310734e+000   -2.56410256410256e-003
 1.24293785310734e+000   -3.90109890109890e-003
 1.25423728813559e+000   -4.97069597069597e-003
 1.26553672316384e+000   -5.77289377289377e-003
 1.28813559322034e+000   -6.57509157509157e-003
 1.29943502824859e+000   -7.10989010989010e-003
 1.32203389830508e+000   -7.64468864468864e-003
 1.33333333333333e+000   -7.91208791208791e-003
 1.34463276836158e+000   -7.64468864468864e-003
 1.36723163841808e+000   -7.10989010989010e-003
 1.37853107344633e+000   -6.57509157509157e-003
 1.37853107344633e+000   -5.50549450549450e-003
 1.38983050847458e+000   -4.70329670329670e-003
 1.41242937853107e+000   -3.63369963369963e-003
 1.42372881355932e+000   -2.56410256410256e-003
 1.42372881355932e+000   -1.49450549450549e-003
 1.43502824858757e+000   -6.92307692307693e-004
 1.45762711864407e+000   -1.57509157509159e-004
 1.48022598870056e+000    6.44688644688647e-004
 1.48022598870056e+000    1.71428571428572e-003
 1.48022598870056e+000    3.05128205128206e-003
 1.50282485875706e+000    4.38827838827839e-003
 1.51412429378531e+000    5.19047619047620e-003
 1.52542372881356e+000    4.12087912087912e-003
 1.53672316384181e+000    3.31868131868132e-003
 1.53672316384181e+000    1.71428571428572e-003
 1.53672316384181e+000    3.77289377289383e-004
 1.53672316384181e+000   -4.24908424908423e-004
 1.54802259887006e+000   -1.49450549450549e-003
 1.54802259887006e+000   -2.02930402930402e-003
 1.55932203389831e+000   -2.56410256410256e-003
 1.55932203389831e+000   -3.90109890109890e-003
 1.55932203389831e+000   -4.43589743589743e-003
 1.57062146892655e+000   -5.23809523809524e-003
 1.58192090395480e+000   -5.77289377289377e-003
 1.59322033898305e+000   -6.30769230769230e-003
 1.60451977401130e+000   -5.50549450549450e-003
 1.60451977401130e+000   -4.97069597069597e-003
 1.60451977401130e+000   -4.16849816849817e-003
 1.60451977401130e+000   -3.09890109890110e-003
 1.60451977401130e+000   -1.76190476190476e-003
 1.61581920903955e+000   -6.92307692307693e-004
 1.62711864406780e+000   -6.92307692307693e-004
 1.64971751412429e+000   -1.22710622710622e-003
 1.66101694915254e+000   -2.02930402930402e-003
 1.67231638418079e+000   -3.36630036630036e-003
 1.67231638418079e+000   -4.70329670329670e-003
 1.68361581920904e+000   -6.04029304029303e-003
 1.69491525423729e+000   -6.84249084249084e-003
 1.71751412429379e+000   -6.84249084249084e-003
 1.72881355932203e+000   -6.04029304029303e-003
 1.74011299435028e+000   -5.50549450549450e-003
 1.76271186440678e+000   -4.70329670329670e-003
 1.75141242937853e+000   -3.36630036630036e-003
 1.76271186440678e+000   -1.76190476190476e-003
 1.76271186440678e+000    3.77289377289383e-004
 1.77401129943503e+000    1.98168498168498e-003
 1.78531073446328e+000    3.31868131868132e-003
 1.78531073446328e+000    4.65567765567766e-003
 1.80790960451977e+000    5.72527472527473e-003
 1.83050847457627e+000    5.99267399267400e-003
 1.85310734463277e+000    5.45787545787546e-003
 1.86440677966102e+000    4.65567765567766e-003
 1.87570621468927e+000    3.58608058608059e-003
 1.87570621468927e+000    2.78388278388279e-003
 1.88700564971751e+000    1.44688644688645e-003
 1.88700564971751e+000    3.77289377289383e-004
 1.88700564971751e+000   -9.59706959706957e-004
 1.88700564971751e+000   -1.76190476190476e-003
 1.89830508474576e+000   -2.83150183150183e-003
 1.90960451977401e+000   -3.90109890109890e-003
 1.92090395480226e+000   -4.43589743589743e-003
 1.93220338983051e+000   -4.97069597069597e-003
 1.94350282485876e+000   -5.23809523809524e-003
 1.95480225988701e+000   -4.97069597069597e-003
 1.96610169491525e+000   -4.43589743589743e-003
 1.97740112994350e+000   -3.36630036630036e-003
 1.97740112994350e+000   -2.29670329670329e-003
 1.98870056497175e+000   -9.59706959706957e-004
 2.00000000000000e+000   -1.57509157509159e-004
 2.01129943502825e+000    1.17948717948718e-003
 2.02259887005650e+000    1.98168498168498e-003
 2.03389830508475e+000    2.51648351648352e-003
 2.05649717514124e+000    2.78388278388279e-003
 2.09039548022599e+000    3.05128205128206e-003
 2.11299435028249e+000    2.78388278388279e-003
 2.13559322033898e+000    1.71428571428572e-003
 2.13559322033898e+000    3.77289377289383e-004
 2.13559322033898e+000   -9.59706959706957e-004
 2.13559322033898e+000   -1.76190476190476e-003
 2.14689265536723e+000   -2.02930402930402e-003
 2.14689265536723e+000   -2.83150183150183e-003
 2.15819209039548e+000   -3.09890109890110e-003
 2.16949152542373e+000   -3.36630036630036e-003
 2.18079096045198e+000   -3.09890109890110e-003
 2.18079096045198e+000   -2.56410256410256e-003
 2.19209039548023e+000   -2.02930402930402e-003
 2.19209039548023e+000   -1.76190476190476e-003
 2.20338983050847e+000   -1.49450549450549e-003
 2.20338983050847e+000   -1.22710622710622e-003
 2.21468926553672e+000   -4.24908424908423e-004
 2.22598870056497e+000   -1.57509157509159e-004
 2.22598870056497e+000    1.09890109890119e-004
 2.23728813559322e+000    9.12087912087918e-004
 2.23728813559322e+000    1.44688644688645e-003
 2.24858757062147e+000    1.98168498168498e-003
 2.25988700564972e+000    2.24908424908426e-003
 2.27118644067797e+000    1.71428571428572e-003
 2.27118644067797e+000    1.17948717948718e-003
 2.28248587570621e+000    3.77289377289383e-004
 2.28248587570621e+000   -4.24908424908423e-004
 2.28248587570621e+000   -6.92307692307693e-004
 2.29378531073446e+000   -1.49450549450549e-003
 2.29378531073446e+000   -2.02930402930402e-003
 2.30508474576271e+000   -2.83150183150183e-003
 2.30508474576271e+000   -3.36630036630036e-003
 2.31638418079096e+000   -3.90109890109890e-003
 2.35028248587571e+000   -4.16849816849817e-003
 2.36158192090396e+000   -4.70329670329670e-003
 2.39548022598870e+000   -4.97069597069597e-003
 2.40677966101695e+000   -3.63369963369963e-003
 2.41807909604520e+000   -2.56410256410256e-003
 2.41807909604520e+000   -1.76190476190476e-003
 2.42937853107345e+000   -6.92307692307693e-004
 2.42937853107345e+000    6.44688644688647e-004
 2.42937853107345e+000    2.24908424908426e-003
 2.44067796610170e+000    2.78388278388279e-003
 2.44067796610170e+000    3.58608058608059e-003
 2.46327683615819e+000    3.85347985347986e-003
 2.47457627118644e+000    3.31868131868132e-003
 2.49717514124294e+000    2.78388278388279e-003
 2.49717514124294e+000    2.24908424908426e-003
 2.51977401129944e+000    1.17948717948718e-003
 2.51977401129944e+000    3.77289377289383e-004
 2.51977401129944e+000   -1.57509157509159e-004
 2.51977401129944e+000   -9.59706959706957e-004
 2.51977401129944e+000   -1.49450549450549e-003
 2.53107344632768e+000   -1.76190476190476e-003
 2.53107344632768e+000   -2.83150183150183e-003
 2.53107344632768e+000   -3.36630036630036e-003
 2.53107344632768e+000   -4.16849816849817e-003
 2.54237288135593e+000   -4.97069597069597e-003
 2.54237288135593e+000   -5.50549450549450e-003
 2.55367231638418e+000   -6.04029304029303e-003
 2.56497175141243e+000   -6.57509157509157e-003
 2.57627118644068e+000   -6.84249084249084e-003
 2.58757062146893e+000   -6.57509157509157e-003
 2.61016949152542e+000   -6.57509157509157e-003
 2.62146892655367e+000   -6.30769230769230e-003
 2.64406779661017e+000   -6.04029304029303e-003
 2.64406779661017e+000   -5.77289377289377e-003
 2.66666666666667e+000   -5.77289377289377e-003
 2.66666666666667e+000   -5.23809523809524e-003
 2.66666666666667e+000   -4.70329670329670e-003
 2.67796610169492e+000   -4.16849816849817e-003
 2.68926553672316e+000   -3.36630036630036e-003
 2.71186440677966e+000   -3.36630036630036e-003
 2.72316384180791e+000   -4.16849816849817e-003
 2.73446327683616e+000   -4.70329670329670e-003
 2.73446327683616e+000   -5.50549450549450e-003
 2.74576271186441e+000   -6.04029304029303e-003
 2.74576271186441e+000   -6.30769230769230e-003
 2.76836158192090e+000   -6.57509157509157e-003
 2.77966101694915e+000   -6.57509157509157e-003
 2.79096045197740e+000   -6.04029304029303e-003
 2.80225988700565e+000   -5.50549450549450e-003
 2.81355932203390e+000   -4.43589743589743e-003
 2.82485875706215e+000   -3.36630036630036e-003
 2.83615819209040e+000   -1.76190476190476e-003
 2.83615819209040e+000   -4.24908424908423e-004
 2.84745762711864e+000    1.17948717948718e-003
 2.84745762711864e+000    2.24908424908426e-003
 2.85875706214689e+000    3.31868131868132e-003
 2.85875706214689e+000    4.38827838827839e-003
 2.87005649717514e+000    5.72527472527473e-003
 2.88135593220339e+000    7.06227106227107e-003
 2.87005649717514e+000    7.86446886446887e-003
 2.87005649717514e+000    8.66666666666667e-003
 2.88135593220339e+000    1.00036630036630e-002
 2.88135593220339e+000    1.10732600732601e-002
 2.89265536723164e+000    1.18754578754579e-002
 2.91525423728814e+000    1.24102564102564e-002
 2.93785310734463e+000    1.16080586080586e-002
 2.94915254237288e+000    1.02710622710623e-002
 2.97175141242938e+000    8.66666666666667e-003
 2.99435028248588e+000    7.59706959706960e-003
 3.01694915254237e+000    7.06227106227107e-003
 3.01694915254237e+000    8.13186813186813e-003
 3.02824858757062e+000    9.73626373626375e-003
 3.02824858757062e+000    1.05384615384615e-002
 3.03954802259887e+000    1.13406593406594e-002
 3.03954802259887e+000    1.21428571428572e-002
 3.03954802259887e+000    1.26776556776557e-002
 3.05084745762712e+000    1.34798534798535e-002
 3.06214689265537e+000    1.37472527472528e-002
 3.06214689265537e+000    1.45494505494506e-002
 3.07344632768362e+000    1.50842490842491e-002
 3.07344632768362e+000    1.56190476190476e-002
 3.08474576271186e+000    1.61538461538462e-002
 3.09604519774011e+000    1.64212454212454e-002
 3.11864406779661e+000    1.64212454212454e-002
 3.15254237288136e+000    1.66886446886447e-002
 3.16384180790960e+000    1.77582417582418e-002
 3.16384180790960e+000    1.88278388278388e-002
 3.17514124293785e+000    2.09670329670330e-002
 3.19774011299435e+000    2.09670329670330e-002
 3.20903954802260e+000    2.04322344322344e-002
 3.22033898305085e+000    1.96300366300366e-002
 3.23163841807910e+000    1.85604395604396e-002
 3.25423728813559e+000    1.74908424908425e-002
 3.25423728813559e+000    1.66886446886447e-002
 3.27683615819209e+000    1.56190476190476e-002
 3.27683615819209e+000    1.53516483516484e-002
 3.29943502824859e+000    1.42820512820513e-002
 3.31073446327684e+000    1.50842490842491e-002
 3.31073446327684e+000    1.58864468864469e-002
 3.32203389830508e+000    1.66886446886447e-002
 3.32203389830508e+000    1.74908424908425e-002
 3.33333333333333e+000    1.82930402930403e-002
 3.34463276836158e+000    1.93626373626374e-002
 3.35593220338983e+000    2.04322344322344e-002
 3.37853107344633e+000    2.12344322344322e-002
 3.37853107344633e+000    2.17692307692308e-002
 3.38983050847458e+000    2.23040293040293e-002
 3.38983050847458e+000    2.31062271062271e-002
 3.40112994350282e+000    2.39084249084249e-002
 3.42372881355932e+000    2.41758241758242e-002
 3.43502824858757e+000    2.33736263736264e-002
 3.44632768361582e+000    2.23040293040293e-002
 3.45762711864407e+000    2.17692307692308e-002
 3.46892655367232e+000    2.20366300366300e-002
 3.48022598870056e+000    2.25714285714286e-002
 3.49152542372881e+000    2.33736263736264e-002
 3.49152542372881e+000    2.39084249084249e-002
 3.49152542372881e+000    2.44432234432235e-002
 3.51412429378531e+000    2.52454212454213e-002
 3.54802259887006e+000    2.55128205128205e-002
 3.58192090395480e+000    2.36410256410257e-002
 3.61581920903955e+000    2.25714285714286e-002
 3.66101694915254e+000    2.31062271062271e-002
 3.68361581920904e+000    2.60476190476191e-002
