Generated by GetData Graph Digitizer 2.26.0.20 on February 23 2023, 17:16
from file 'G:\?????? ??-2\fwd\??? ???????\Untitled.jpg'

Line #1
 3.37078651685393e-002   -1.16556776556777e-002
 5.61797752808989e-002   -1.19230769230769e-002
 7.86516853932584e-002   -1.24578754578755e-002
 7.86516853932584e-002   -1.35274725274725e-002
 1.01123595505618e-001   -1.43296703296703e-002
 1.01123595505618e-001   -1.51318681318681e-002
 1.23595505617978e-001   -1.59340659340659e-002
 1.34831460674157e-001   -1.67362637362637e-002
 1.46067415730337e-001   -1.75384615384615e-002
 1.57303370786517e-001   -1.80732600732601e-002
 1.79775280898876e-001   -1.78058608058608e-002
 1.79775280898876e-001   -1.88754578754579e-002
 1.91011235955056e-001   -1.88754578754579e-002
 2.13483146067416e-001   -1.96776556776557e-002
 2.24719101123596e-001   -2.07472527472527e-002
 2.47191011235955e-001   -2.18168498168498e-002
 2.69662921348315e-001   -2.36886446886447e-002
 2.69662921348315e-001   -2.50256410256410e-002
 2.92134831460674e-001   -2.66300366300366e-002
 3.03370786516854e-001   -2.85018315018315e-002
 3.14606741573034e-001   -3.01062271062271e-002
 3.37078651685393e-001   -3.22454212454212e-002
 3.93258426966292e-001   -3.33150183150183e-002
 4.04494382022472e-001   -3.49194139194139e-002
 4.15730337078652e-001   -3.65238095238095e-002
 4.38202247191011e-001   -3.81282051282051e-002
 4.49438202247191e-001   -3.94652014652015e-002
 4.83146067415730e-001   -4.00000000000000e-002
 4.94382022471910e-001   -3.86630036630037e-002
 5.39325842696629e-001   -3.78608058608059e-002
 5.39325842696629e-001   -3.62564102564103e-002
 5.50561797752809e-001   -3.51868131868132e-002
 5.61797752808989e-001   -3.41172161172161e-002
 5.73033707865169e-001   -3.30476190476190e-002
 5.95505617977528e-001   -3.25128205128205e-002
 6.17977528089888e-001   -3.38498168498168e-002
 6.29213483146067e-001   -3.49194139194139e-002
 6.62921348314607e-001   -3.41172161172161e-002
 6.62921348314607e-001   -3.27802197802198e-002
 6.85393258426966e-001   -3.14432234432234e-002
 7.07865168539326e-001   -2.98388278388278e-002
 7.30337078651685e-001   -2.79670329670330e-002
 7.30337078651685e-001   -2.52930402930403e-002
 7.41573033707865e-001   -2.15494505494505e-002
 7.64044943820225e-001   -1.80732600732601e-002
 7.64044943820225e-001   -1.64688644688645e-002
 7.86516853932584e-001   -1.45970695970696e-002
 8.31460674157303e-001   -1.43296703296703e-002
 8.87640449438202e-001   -1.32600732600733e-002
 9.21348314606742e-001   -1.13882783882784e-002
 9.66292134831461e-001   -9.51648351648351e-003
 9.66292134831461e-001   -6.57509157509157e-003
 1.00000000000000e+000   -4.70329670329670e-003
 1.00000000000000e+000   -1.76190476190476e-003
 1.01123595505618e+000   -1.57509157509159e-004
 1.03370786516854e+000    1.44688644688645e-003
 1.05617977528090e+000    1.71428571428572e-003
 1.08988764044944e+000    1.44688644688645e-003
 1.10112359550562e+000    1.09890109890119e-004
 1.10112359550562e+000   -2.02930402930402e-003
 1.10112359550562e+000   -3.90109890109890e-003
 1.12359550561798e+000   -4.97069597069597e-003
 1.13483146067416e+000   -4.16849816849817e-003
 1.15730337078652e+000   -2.56410256410256e-003
 1.15730337078652e+000   -1.22710622710622e-003
 1.15730337078652e+000    6.44688644688647e-004
 1.16853932584270e+000    2.51648351648352e-003
 1.19101123595506e+000    4.12087912087912e-003
 1.22471910112360e+000    1.98168498168498e-003
 1.22471910112360e+000   -4.24908424908423e-004
 1.23595505617978e+000   -2.83150183150183e-003
 1.25842696629213e+000   -5.23809523809524e-003
 1.28089887640449e+000   -6.57509157509157e-003
 1.32584269662921e+000   -7.37728937728938e-003
 1.38202247191011e+000   -6.84249084249084e-003
 1.40449438202247e+000   -4.43589743589743e-003
 1.42696629213483e+000   -2.29670329670329e-003
 1.43820224719101e+000   -6.92307692307693e-004
 1.48314606741573e+000    6.44688644688647e-004
 1.50561797752809e+000    3.05128205128206e-003
 1.50561797752809e+000    4.92307692307693e-003
 1.53932584269663e+000    2.24908424908426e-003
 1.55056179775281e+000    9.12087912087918e-004
 1.55056179775281e+000   -6.92307692307693e-004
 1.56179775280899e+000   -2.56410256410256e-003
 1.56179775280899e+000   -4.16849816849817e-003
 1.57303370786517e+000   -5.50549450549450e-003
 1.61797752808989e+000   -5.50549450549450e-003
 1.62921348314607e+000   -3.36630036630036e-003
 1.64044943820225e+000   -1.49450549450549e-003
 1.68539325842697e+000   -3.90109890109890e-003
 1.69662921348315e+000   -5.50549450549450e-003
 1.69662921348315e+000   -6.84249084249084e-003
 1.73033707865169e+000   -6.30769230769230e-003
 1.75280898876405e+000   -4.70329670329670e-003
 1.75280898876405e+000   -2.83150183150183e-003
 1.76404494382022e+000   -1.22710622710622e-003
 1.76404494382022e+000    9.12087912087918e-004
 1.76404494382022e+000    2.51648351648352e-003
 1.77528089887640e+000    3.58608058608059e-003
 1.78651685393258e+000    4.92307692307693e-003
 1.80898876404494e+000    6.26007326007326e-003
 1.84269662921348e+000    4.38827838827839e-003
 1.86516853932584e+000    3.05128205128206e-003
 1.86516853932584e+000    1.17948717948718e-003
 1.87640449438202e+000   -1.22710622710622e-003
 1.88764044943820e+000   -3.09890109890110e-003
 1.92134831460674e+000   -5.23809523809524e-003
 1.95505617977528e+000   -5.23809523809524e-003
 1.97752808988764e+000   -3.63369963369963e-003
 2.00000000000000e+000   -1.76190476190476e-003
 2.01123595505618e+000   -4.24908424908423e-004
 2.01123595505618e+000    9.12087912087918e-004
 2.03370786516854e+000    2.24908424908426e-003
 2.07865168539326e+000    3.31868131868132e-003
 2.12359550561798e+000    1.98168498168498e-003
 2.13483146067416e+000   -1.57509157509159e-004
 2.13483146067416e+000   -1.76190476190476e-003
 2.15730337078652e+000   -3.36630036630036e-003
 2.19101123595506e+000   -2.29670329670329e-003
 2.21348314606742e+000   -9.59706959706957e-004
 2.22471910112360e+000   -1.57509157509159e-004
 2.23595505617978e+000    1.44688644688645e-003
 2.25842696629213e+000    2.24908424908426e-003
 2.29213483146067e+000   -4.24908424908423e-004
 2.30337078651685e+000   -2.56410256410256e-003
 2.33707865168539e+000   -4.16849816849817e-003
 2.38202247191011e+000   -4.70329670329670e-003
 2.39325842696629e+000   -3.63369963369963e-003
 2.41573033707865e+000   -1.49450549450549e-003
 2.42696629213483e+000    1.44688644688645e-003
 2.43820224719101e+000    4.12087912087912e-003
 2.49438202247191e+000    3.05128205128206e-003
 2.51685393258427e+000   -1.57509157509159e-004
 2.52808988764045e+000   -3.90109890109890e-003
 2.55056179775281e+000   -6.04029304029303e-003
 2.59550561797753e+000   -6.57509157509157e-003
 2.65168539325843e+000   -6.04029304029303e-003
 2.67415730337079e+000   -4.16849816849817e-003
 2.69662921348315e+000   -3.36630036630036e-003
 2.73033707865169e+000   -5.77289377289377e-003
 2.78651685393258e+000   -6.30769230769230e-003
 2.82022471910112e+000   -4.16849816849817e-003
 2.83146067415730e+000   -1.49450549450549e-003
 2.84269662921348e+000    9.12087912087918e-004
 2.84269662921348e+000    3.58608058608059e-003
 2.86516853932584e+000    6.26007326007326e-003
 2.86516853932584e+000    8.66666666666667e-003
 2.88764044943820e+000    1.08058608058608e-002
 2.91011235955056e+000    1.29450549450549e-002
 2.95505617977528e+000    1.00036630036630e-002
 2.98876404494382e+000    7.59706959706960e-003
 3.03370786516854e+000    1.05384615384615e-002
 3.04494382022472e+000    1.29450549450549e-002
 3.06741573033708e+000    1.50842490842491e-002
 3.08988764044944e+000    1.64212454212454e-002
 3.14606741573034e+000    1.69560439560440e-002
 3.16853932584270e+000    2.01648351648352e-002
 3.19101123595506e+000    2.04322344322344e-002
 3.23595505617978e+000    1.74908424908425e-002
 3.25842696629213e+000    1.53516483516484e-002
 3.30337078651685e+000    1.48168498168498e-002
 3.32584269662921e+000    1.66886446886447e-002
 3.32584269662921e+000    1.93626373626374e-002
 3.35955056179775e+000    2.09670329670330e-002
 3.38202247191011e+000    2.25714285714286e-002
 3.39325842696629e+000    2.41758241758242e-002
 3.42696629213483e+000    2.28388278388279e-002
 3.46067415730337e+000    2.20366300366300e-002
 3.48314606741573e+000    2.39084249084249e-002
 3.49438202247191e+000    2.49780219780220e-002
 3.56179775280899e+000    2.52454212454213e-002
 3.58426966292135e+000    2.36410256410257e-002
 3.62921348314607e+000    2.28388278388279e-002
 3.67415730337079e+000    2.55128205128205e-002
 3.69662921348315e+000    2.79194139194139e-002
 3.70786516853933e+000    2.95238095238095e-002
 3.76404494382022e+000    3.19304029304029e-002
 3.82022471910112e+000    3.16630036630037e-002
 3.86516853932584e+000    3.16630036630037e-002
 3.91011235955056e+000    3.00586080586081e-002
 3.93258426966292e+000    2.97912087912088e-002
 3.96629213483146e+000    3.03260073260073e-002
 4.01123595505618e+000    2.97912087912088e-002
